1.142371986806417147e-02
7.748621101997266343e-03
6.643650136463473410e-03
7.386194366529297804e-03
6.705024084552002953e-03
7.357286356585298823e-03
8.529301791998964224e-03
9.148739462917819878e-03
7.349644922702644120e-03
7.509546291941586113e-03
8.796237057192932834e-03
7.162819780717856639e-03
7.390944519328697219e-03
8.286409129322526435e-03
8.978851750158762732e-03
6.482547558707633939e-03
7.454626134075410283e-03
7.564622670165470006e-03
7.030613014713926051e-03
8.514155473109758648e-03
6.565356228472958924e-03
7.368032656984725356e-03
9.028620526972787677e-03
6.105487005658577493e-03
7.902588041634621419e-03
7.633740244555002087e-03
6.229940016349379099e-03
6.638849819143553821e-03
6.879227308846005973e-03
7.646368279170897946e-03
6.459189071309897820e-03
7.139826576711659489e-03
6.186739027270403077e-03
6.777128927105371958e-03
6.196107201807776396e-03
7.414075083871816615e-03
8.097601346754235846e-03
7.025477450356456578e-03
6.788802227842493167e-03
6.666010959194548433e-03
5.959452670346625930e-03
6.917112014471600567e-03
7.609809097746931573e-03
7.036796346091895270e-03
6.244688303788045909e-03
1.062795438253365254e-02
5.971888739928464702e-03
5.943474116329673131e-03
7.498061928004868572e-03
7.671082882339252083e-03
7.336749388997152246e-03
6.613910645965325255e-03
6.202753762571471333e-03
6.350841215993302535e-03
6.038309818050658848e-03
6.053771056120499199e-03
6.314325442775072655e-03
5.760537169275902793e-03
5.348486062089190078e-03
7.520398405498764961e-03
6.011487297206533076e-03
7.523702469420638812e-03
5.844400675754766843e-03
9.299084865106969564e-03
6.744808039239779535e-03
6.183167672600378001e-03
7.553604765442074528e-03
7.482782387405489954e-03
5.878285416282390957e-03
6.242213288218648529e-03
5.894750654622737777e-03
7.635075048703508088e-03
7.880669359691500411e-03
5.982398158111428346e-03
1.036519849444312441e-02
5.999793275916057156e-03
6.001451019398726210e-03
6.271697255371493605e-03
6.388697617081343094e-03
6.670618579131483775e-03
6.358263144288552743e-03
6.030139231608190424e-03
6.870682828382736022e-03
6.156092112098453945e-03
5.422023732591192344e-03
9.050348774410379299e-03
5.863169590980306899e-03
6.910801436686628968e-03
5.048665659750727064e-03
7.282942502153859007e-03
6.216434799113171317e-03
6.078285770611842678e-03
1.001566568894466693e-02
7.039659491382631827e-03
6.072350878477319330e-03
4.815336586278221205e-03
5.767522312519213386e-03
7.362612878707447232e-03
5.266403148356817512e-03
5.616393030569258836e-03
1.001320322303376510e-02
5.441614264411225553e-03
7.100238573570658018e-03
7.296626560966012857e-03
6.638350391636022550e-03
6.234030775339500716e-03
6.070296730448908155e-03
9.693517158579030568e-03
5.769136692900450787e-03
1.071406966157254122e-02
5.674211643043251645e-03
5.562099404436839957e-03
5.740404114910419020e-03
1.118919233624280848e-02
6.011594623875170587e-03
6.105363204895849355e-03
1.007315926048176630e-02
1.027717821248089886e-02
5.584720360085682241e-03
4.057822297471665347e-03
4.749450720975481252e-03
4.378115640364619969e-03
4.863818079512377372e-03
5.231187755923928477e-03
7.074012180035018325e-03
5.877366401262385485e-03
8.466521595065718345e-03
5.982020333525616199e-03
5.621918940346332973e-03
7.067367713318242761e-03
5.461338324095024732e-03
6.133848407548722105e-03
1.101845295102961420e-02
1.054931511976024520e-02
1.073217385516056152e-02
4.784124947118476370e-03
4.752492550434555228e-03
5.044697550731343239e-03
4.884253714488905398e-03
4.550877526106517773e-03
9.199874044788093619e-03
1.065210558936686806e-02
5.457246747879221892e-03
4.034704153776888860e-03
6.395446210095644818e-03
5.591075933025259521e-03
6.020232186944454202e-03
5.190852664864085801e-03
9.365241189043633022e-03
9.813561491283396068e-03
5.221901442282452128e-03
5.488021896710472414e-03
9.498609458090183713e-03
5.117766466948851269e-03
4.837413786765518663e-03
6.078239495335274571e-03
9.005242920240439514e-03
5.841233674562187721e-03
1.015776032548288549e-02
7.755520014197007407e-03
1.018909364264173473e-02
4.437690561806713341e-03
6.094160355034852587e-03
6.026251837869546144e-03
5.245020524354290434e-03
8.927041010218992462e-03
4.540110203190439279e-03
6.841815658331867542e-03
9.468392407392813015e-03
5.555564228023643185e-03
5.447397218231357988e-03
4.563561112091465283e-03
5.496333734298820481e-03
1.157522973367033393e-02
6.132047606127277554e-03
1.009757463645217894e-02
4.674810499448430259e-03
5.038202004256048076e-03
5.602659509347676300e-03
9.110744188576149968e-03
9.181547461934424711e-03
9.126430373115976963e-03
3.857520579392448214e-03
1.026254589711366252e-02
9.092570086182836381e-03
5.699490749628370427e-03
4.525417243500418941e-03
8.401705623015110619e-03
5.536365006178023060e-03
9.504443850245581846e-03
5.924268610914515051e-03
5.055906897299558209e-03
5.345249476711820893e-03
5.136486097828443266e-03
5.605658377062091094e-03
7.678945027509815995e-03
6.195312801552342423e-03
1.002081619260047733e-02
7.208974898441232806e-03
5.154709514129255168e-03
5.624181973661612072e-03
8.182731039699553052e-03
9.088737299113759313e-03
9.392283895277206071e-03
6.475617758737724911e-03
6.298767519303125062e-03
6.168920860196530805e-03
5.218290266979404290e-03
6.052222991236666863e-03
6.426111328950853512e-03
4.868393134486347779e-03
1.047513086449384026e-02
8.613094416091171893e-03
5.194462187178701743e-03
8.181414266071983590e-03
4.161511514630495019e-03
4.348270331702808016e-03
6.020300805130745191e-03
4.361939865980569812e-03
4.708990001645993809e-03
7.101838222460567403e-03
5.651054654611447486e-03
6.291634795336840599e-03
7.012703644264739120e-03
1.031394369489503290e-02
9.244400046759327153e-03
9.002820096873935876e-03
5.122653600193832583e-03
5.216087981508803380e-03
4.748540750311576637e-03
3.205567740316309436e-03
6.113162930131878746e-03
4.081031051826893193e-03
4.006771462225955545e-03
6.185617054777615628e-03
9.645702581062690073e-03
5.606993942593630972e-03
4.146733665901443031e-03
7.624613392608186983e-03
9.488140940021736608e-03
5.409575423838658415e-03
1.036270071196570761e-02
4.171647207716710701e-03
5.490770016577064226e-03
9.341526595860722912e-03
7.705656436190735405e-03
9.011337887266938212e-03
9.283618960237296353e-03
4.962021816932504770e-03
4.758826294087621298e-03
8.663385134795677234e-03
4.104542987427674434e-03
5.864967888844528805e-03
4.921232126751697022e-03
4.596397422123564731e-03
6.125064475310876971e-03
8.161036791248837269e-03
3.876991704881622026e-03
5.333040257195727218e-03
5.317036121976154682e-03
1.080677494014997859e-02
7.894873976026176715e-03
7.314521713117759331e-03
8.667513820388128912e-03
5.672120009445360406e-03
5.069404680593560253e-03
8.134639689812537752e-03
5.401561622561637695e-03
8.385708795723475356e-03
5.107890696204119008e-03
8.283491014199133654e-03
4.116016352795557644e-03
3.535005852833574512e-03
4.454864408722977558e-03
9.192874140227413199e-03
8.884936653369137835e-03
6.001598168172251647e-03
8.837946341195839980e-03
7.974084236354530772e-03
8.163156532072751714e-03
1.093310889185491845e-02
4.469848591498775531e-03
7.744638544896613810e-03
7.502740358236077885e-03
4.673206859259199444e-03
4.752046577789428503e-03
4.403869657034426358e-03
9.371811284113308257e-03
6.722130506839990756e-03
8.297224835890442546e-03
6.703830996775909240e-03
4.207270002449748671e-03
3.543280402723089032e-03
5.110132570402415274e-03
9.646258828302486932e-03
4.348072442660232823e-03
8.181377446151537683e-03
4.325900203295804380e-03
3.426505982146069596e-03
5.651010531306129014e-03
4.809331126487639829e-03
3.554608965715099801e-03
3.635391075127919480e-03
5.162770553270953910e-03
8.428591420139939366e-03
9.863607152366924563e-03
5.214426983842120923e-03
4.427598241494995479e-03
7.497370091629830188e-03
7.260555103254159696e-03
4.528921713034823014e-03
4.293580150099748569e-03
3.958468243047839376e-03
4.983428304498836552e-03
4.418587665748492654e-03
5.729869665386980171e-03
