9.573158923079671742e-03
7.632409511829543747e-03
7.775132459142898751e-03
7.698711200538213215e-03
7.815188516349307751e-03
7.434161508962796282e-03
7.575666051951034617e-03
7.532515293296048950e-03
7.704876547841041021e-03
7.544871434141280954e-03
7.145642002379742896e-03
7.587536914156668526e-03
7.300078845138678434e-03
7.393067708585896250e-03
7.364637781371534582e-03
7.326074193738369225e-03
6.860085259225898700e-03
7.432852007581938758e-03
7.180779522571510351e-03
6.791695343796055363e-03
6.983200599136734320e-03
6.925493693827667642e-03
7.294471964192819624e-03
7.257919743994977434e-03
7.179788820498278143e-03
7.096468219224453568e-03
7.120121641703861144e-03
6.475292964173652924e-03
6.532301702283258363e-03
7.236889921851250539e-03
7.022848522581098991e-03
6.531070050132542146e-03
6.350337265563416045e-03
7.032170748349025023e-03
7.180718819654215157e-03
7.041958913414502960e-03
6.694963537580755041e-03
6.654986531785015216e-03
5.548506617154947730e-03
7.074932481513373367e-03
6.918950032370175217e-03
6.397102207567767658e-03
7.141970930505188615e-03
6.646016688416438688e-03
6.981798003107268780e-03
6.677756397904208684e-03
6.370787277382578863e-03
6.253641295809591119e-03
7.211689572465652433e-03
6.766791489925470283e-03
6.282507662196849113e-03
5.535746337843446170e-03
5.985816230651782970e-03
6.036630063061636936e-03
6.430678981169232235e-03
6.365881792826354364e-03
6.229025846557197620e-03
6.297797409452782387e-03
6.170041594092331994e-03
7.136919773884877437e-03
6.458062798783620502e-03
5.978362562965788655e-03
6.496039931589099592e-03
5.898506912417201230e-03
6.243095328613919651e-03
5.445388123208791918e-03
6.190821091327217487e-03
6.511630747170210273e-03
6.454180168558450517e-03
6.682801784117948021e-03
5.549940432814751655e-03
6.633927593258218992e-03
6.286733409257565415e-03
6.099506831173343892e-03
5.513671279206454334e-03
6.104992205878131441e-03
5.249946927891618702e-03
6.180067134662919730e-03
5.513404699980596450e-03
4.980867878725123848e-03
5.655827288608596647e-03
6.001791189585263531e-03
6.323736673316632424e-03
4.811482066322874881e-03
6.530059918025335822e-03
4.943651962169446842e-03
5.972615996540748921e-03
6.320391594274850540e-03
4.324072483579645930e-03
6.054758273142928776e-03
4.396730482672149380e-03
5.376032846227648057e-03
6.063583074130240134e-03
5.768105878277367433e-03
6.095218336317504565e-03
5.145859077617453287e-03
4.979802477840983982e-03
6.581295709018082120e-03
6.633007177564256493e-03
4.871420032228240479e-03
5.116119396783878025e-03
6.154619913543728574e-03
4.356089562365550449e-03
5.721111514921991409e-03
6.139273277373948241e-03
4.097314609466675382e-03
6.337461132845823714e-03
6.007475463724808520e-03
5.602073062517942161e-03
5.558121947221602438e-03
4.807686850266078282e-03
5.560964577498733567e-03
3.995461753352774759e-03
5.644330456904072223e-03
4.720355745974345527e-03
5.649159297762410166e-03
5.455014975906801768e-03
4.996048364676755268e-03
7.016886079865439739e-03
6.666746462745154998e-03
5.523019083745353205e-03
5.814334320285823032e-03
5.146417618063437588e-03
5.668900507236867246e-03
4.943158952148244377e-03
5.229938200085944289e-03
6.403929079774552460e-03
4.374901321297267921e-03
4.854096040392754698e-03
5.840358692826332250e-03
5.138005972302080171e-03
4.613637436604696267e-03
6.182666996154408817e-03
5.308332940458878116e-03
5.280835512389414101e-03
4.967220342685987715e-03
4.788212095283322055e-03
5.973428871418161833e-03
4.889937691292234843e-03
5.000420417841892375e-03
5.421322200331567427e-03
4.635804507065233865e-03
6.779226750108274281e-03
7.655471249684525289e-03
4.564735214574323040e-03
4.040100533414675739e-03
5.079199608923272435e-03
4.255820921394152384e-03
5.088563617121044311e-03
3.771223699786453373e-03
5.308504369210003196e-03
4.814838896494725781e-03
4.962176334816715585e-03
5.100695771424484763e-03
5.883398855906363766e-03
5.233462908455888130e-03
4.541740982330073895e-03
6.161340241939977126e-03
4.987937188421917405e-03
4.503958020141553970e-03
5.996457774909887302e-03
5.637483743461336322e-03
6.139395057520928740e-03
8.117607605136838850e-03
4.207426819949711648e-03
7.225376198779460274e-03
4.666373492310884469e-03
5.492944143068145477e-03
5.134812592591546029e-03
7.656278361149487788e-03
4.393411647172995593e-03
4.924360644754322003e-03
4.139841399380137475e-03
4.490144725840202779e-03
4.938240510312667114e-03
3.905893220105694213e-03
4.073195186577117412e-03
5.103341547449080813e-03
4.175782901963348039e-03
4.506512931597413639e-03
7.766150706441855844e-03
4.362646367295419311e-03
4.777027335187771298e-03
5.225786784599366006e-03
5.257833528951860562e-03
4.619404468581185703e-03
7.654377387113434593e-03
5.251888398768971532e-03
5.005400879981723034e-03
5.718640626796929992e-03
8.198822500277785918e-03
4.464913714497686752e-03
6.897107265837344736e-03
7.432573039965442024e-03
4.846577364282509022e-03
4.749501681582584366e-03
4.741087687510123216e-03
4.185303115890436597e-03
5.096808297052977249e-03
7.833912671939932681e-03
4.097876511080077860e-03
6.706634304562367893e-03
6.692464231647880096e-03
4.415247302993432175e-03
4.692817408501265969e-03
5.907448904909731388e-03
