9.573158923079671742e-03
8.557866495788588046e-03
8.513394821344420077e-03
8.478907001172883776e-03
8.545424278120963141e-03
8.298717113324714789e-03
8.155704307606608319e-03
8.305986612731993193e-03
8.209401734893592012e-03
8.096833943333842792e-03
8.274208109536615799e-03
8.042303258173674058e-03
7.783701891410099889e-03
7.848141521779481919e-03
7.359835664213563826e-03
6.821945934156921354e-03
7.607648261493419641e-03
7.869983480469295092e-03
8.118003146270228940e-03
7.740354681664935940e-03
7.532343334263304907e-03
7.700637355127031708e-03
6.599645147471463330e-03
7.169254196237918181e-03
6.164295296190333735e-03
7.588729475429294678e-03
7.565419103343149453e-03
7.535418779855180757e-03
7.561454205758484474e-03
7.265858762132737167e-03
6.726983091489198777e-03
6.943174228333017298e-03
7.061211977786814586e-03
7.470592195697502332e-03
7.647472472760459029e-03
6.159975851762817221e-03
7.650757773987434257e-03
7.470065878471971073e-03
6.487585600605669071e-03
6.073449703129714904e-03
6.683297358824824390e-03
7.259401353837941981e-03
6.811742901738601294e-03
6.548502593998782768e-03
7.476596292682206879e-03
7.170570461327747946e-03
6.345251007378475104e-03
6.459977697817532484e-03
6.892492156285699723e-03
5.851009433023171037e-03
7.074266606734340782e-03
5.850094761326141146e-03
7.380647374092314146e-03
6.324221966726891776e-03
5.725982108821920345e-03
7.290835573622524331e-03
5.506017893977128638e-03
6.561943148466235602e-03
6.253790410028050098e-03
6.707068508663029290e-03
5.355808823399178797e-03
6.296757167602735558e-03
6.894675941532093025e-03
6.069062339770514743e-03
5.998242604744531345e-03
5.218126384797778725e-03
6.905373520579224066e-03
6.511006375499502757e-03
6.717379006417291062e-03
6.955460267236293972e-03
5.617826940858915326e-03
5.767681041808192521e-03
5.517706621491458817e-03
6.059307178265607025e-03
6.147562513074952828e-03
5.971554464949900207e-03
6.632688107301025135e-03
7.480151834647104890e-03
4.902247479319793259e-03
6.960167893422999387e-03
5.600424444761446102e-03
9.478345411029919301e-03
5.523560244028255344e-03
4.876527162358990260e-03
6.327667255223530171e-03
6.623778566891543561e-03
6.532073822400950511e-03
5.838226511254885828e-03
5.418187239170054945e-03
5.196711522028346457e-03
5.363692393159987838e-03
6.420821154204579828e-03
6.523635914897689576e-03
6.478568754423578817e-03
6.327867130351917668e-03
6.141927552895749300e-03
5.032422178237306795e-03
5.044288409813193000e-03
5.663921121683331526e-03
5.373377310475215343e-03
5.986684607653116122e-03
5.111063285082823558e-03
6.296873385693887992e-03
4.946985421459194031e-03
8.573857641756402193e-03
8.955900780400561159e-03
5.596522258985248653e-03
5.467504206250354236e-03
5.062506501883114532e-03
5.453521860216603047e-03
5.403748188133449676e-03
4.841238747091495750e-03
6.660925839032970537e-03
7.644937477493268969e-03
6.713976073831083580e-03
6.177487370616618727e-03
6.760421186722488131e-03
5.609683007657531584e-03
5.216743390857254796e-03
6.065507623587660171e-03
5.740506695543929998e-03
7.934709448054926353e-03
5.832310767585825902e-03
7.910576419123316674e-03
4.964724374616266180e-03
6.063882878240503364e-03
5.051237509110870737e-03
4.447883517294774422e-03
5.697151081885259115e-03
7.152889134726830335e-03
7.592503852573045595e-03
7.865933160401475388e-03
4.991570679462271030e-03
6.543142036704609026e-03
4.964392675341122198e-03
5.974025966796893405e-03
5.817501379552700129e-03
8.705741782048864383e-03
6.035011053162409218e-03
4.354697463364689755e-03
5.096380042131498124e-03
5.556882523827824834e-03
5.878812761922327067e-03
7.690940473269709289e-03
8.488330638418896401e-03
4.797166697690597413e-03
5.301340828365358818e-03
5.358349006541289310e-03
4.756136786671641241e-03
5.271525614415204473e-03
5.323212349708202409e-03
5.838949514512648160e-03
5.036319258043460770e-03
4.645231506989138705e-03
6.537619390838373540e-03
6.113772819593547500e-03
4.137876283129495944e-03
5.280785071493695158e-03
6.554046019660456426e-03
5.714991712089265152e-03
5.895186843091946259e-03
4.173690965573828224e-03
5.717435463123097042e-03
8.741068681408458579e-03
5.434105238124755863e-03
4.434458576360113778e-03
5.409872178879968595e-03
4.531393525763056235e-03
5.127995474647715005e-03
5.501418880140490977e-03
4.331632319137987928e-03
8.516164611271925117e-03
4.850953902119990550e-03
5.648650375061213709e-03
7.090059455188331590e-03
5.076719550565978595e-03
4.525889814229159744e-03
5.613185589257761211e-03
7.037019004509707104e-03
6.402464774689677930e-03
4.933540552185567384e-03
5.933835522595422816e-03
4.370422761567040008e-03
4.326876625699002492e-03
4.683467121410506834e-03
5.311565812682248616e-03
7.548239062285242058e-03
4.789518135366472792e-03
5.918855312131960679e-03
3.890326279770730828e-03
5.335003231599588953e-03
5.624569979764237025e-03
7.628794011220671467e-03
8.714381516282695625e-03
7.209988052488234753e-03
8.219135673635519571e-03
4.972756397895126620e-03
4.285947065552374313e-03
5.656583731888605894e-03
5.691893147481994451e-03
5.769912969068298134e-03
4.891612692200691774e-03
9.139859044222228487e-03
5.017377638295884845e-03
8.113460388939720130e-03
7.295786460318142395e-03
8.509197358370497802e-03
4.965626229115565823e-03
5.792897090444433170e-03
3.968863123883050077e-03
3.191441177828371542e-03
5.912279675886191084e-03
4.799623334259177886e-03
6.445891448805010984e-03
5.141658179633925262e-03
8.123943433336871384e-03
7.538637810896588534e-03
3.965419608914958795e-03
6.358212330855443975e-03
4.554722250129666743e-03
4.225158946303371292e-03
4.955842279338578543e-03
5.385307233227412844e-03
7.650593995812742833e-03
3.780777489301543649e-03
4.128058557147055475e-03
8.019977553241103285e-03
9.316986145668339561e-03
8.129239207412288643e-03
4.755445124230150977e-03
6.323418059753069601e-03
3.498688184705621255e-03
4.268745484586968647e-03
5.600820518473716494e-03
8.283129155254609702e-03
5.304097939473129304e-03
8.244310237796216231e-03
4.878349246218484543e-03
4.420499556177769247e-03
4.403548399597760447e-03
4.528818452703791547e-03
7.377142750371333373e-03
4.443461961328947982e-03
5.112270202719140441e-03
4.362306104760526465e-03
3.870450206227428903e-03
8.211796230363849897e-03
6.594042623431500480e-03
8.612536956290396326e-03
7.481230407766560273e-03
7.186147845095604975e-03
6.807909975139989599e-03
7.175076004265050836e-03
4.917328434478637419e-03
5.327835658867903328e-03
4.781713103782099170e-03
4.484038706199129642e-03
4.997381567543204665e-03
9.261605342505608088e-03
3.903117768593554037e-03
7.783320793865956301e-03
5.202765277392317270e-03
4.645672703241968994e-03
4.478446746135644231e-03
7.953701960396013237e-03
5.284989053842117750e-03
4.860852424540628054e-03
5.319204044430929541e-03
5.242026950555186970e-03
8.837724759002043434e-03
3.850840964554513423e-03
4.485295118196384358e-03
4.460339125459213128e-03
3.808999054067636631e-03
4.128668204736610746e-03
6.388061954768402793e-03
4.961491578935130035e-03
5.450314743540671247e-03
3.760864028759379907e-03
4.432668570935110672e-03
3.556733734335957350e-03
9.522609769614482841e-03
3.685557278602359394e-03
5.812779059095341157e-03
6.183117035373331127e-03
5.223501732123356049e-03
6.703904669931164476e-03
7.588956235558399176e-03
6.833481411634811931e-03
4.754386223706034802e-03
4.789678497101389903e-03
4.914947078066981070e-03
4.633876014768892153e-03
4.747046855299820976e-03
7.292805994473271387e-03
4.721208941095510724e-03
4.468258037665998918e-03
5.190366194616046445e-03
5.955339161700800785e-03
8.232592083509390757e-03
4.380342141587007486e-03
7.532187300445200920e-03
5.838783860388919132e-03
4.053339975225726984e-03
5.154788763093862830e-03
4.378347641649911470e-03
5.138814649522183663e-03
4.553033108891567371e-03
7.470071739286268490e-03
7.887608120445390586e-03
5.467988981148116760e-03
3.364973381229566414e-03
4.625514232353429740e-03
8.032069536602183882e-03
5.190338624442583648e-03
4.180690770301226378e-03
7.549243600069048890e-03
5.371825452868576184e-03
6.097637514127725138e-03
3.756708098058139395e-03
3.270591065944425477e-03
