1.142371986806417147e-02
7.720561247351105660e-03
6.678267515221060144e-03
7.221755764202825861e-03
7.478098181960173355e-03
8.632345589199426697e-03
9.090390119464329330e-03
8.509275436527997949e-03
6.958458454503383545e-03
7.202843754653637763e-03
6.726213651393741014e-03
6.966481933090001161e-03
8.302956380484081966e-03
7.026096989863341372e-03
7.851324270414490950e-03
8.263385425528379721e-03
6.298627832065176527e-03
6.707207832417565185e-03
8.391729382108038468e-03
8.045049821054490319e-03
8.354782178110174012e-03
6.789494355034409075e-03
7.950194948680256585e-03
6.399967764006881527e-03
6.210865554652866480e-03
7.125359924855956956e-03
7.396895011901979955e-03
7.855736090796650029e-03
6.204754922013848775e-03
6.676799988146964182e-03
5.948962068034779546e-03
6.090434629858535592e-03
7.252018920097129395e-03
6.329400317424237719e-03
7.432261656191860300e-03
7.382782102738697817e-03
6.691615979246785806e-03
5.945153791412228182e-03
7.268763872370104240e-03
7.215837526028780549e-03
5.940396044515762301e-03
6.718187230647676769e-03
6.222595274209918696e-03
7.725274558644953070e-03
6.578108823458442972e-03
1.078283125216229939e-02
5.675437057309823743e-03
6.756411671103484777e-03
6.006239922948921305e-03
6.065229154917789640e-03
7.590655537963349186e-03
5.401342731770593722e-03
7.307430311825230743e-03
7.610775375921873670e-03
6.544107073250681091e-03
5.426223046216331961e-03
7.415552448935821411e-03
1.006795685559536135e-02
5.967361688048084672e-03
6.356705273477599762e-03
6.352369860309504263e-03
6.303424153286648311e-03
5.078549983509037143e-03
5.551546860872560822e-03
6.717515593423980386e-03
6.239629403492804281e-03
9.438139742277175392e-03
6.851896288235410915e-03
6.101559748049155928e-03
6.351533256659462265e-03
6.716521985117365756e-03
6.583592729022774530e-03
5.301691579672779264e-03
5.076287324456006840e-03
5.967843286641853935e-03
6.379632579192516528e-03
7.450196885108979240e-03
9.279358259795110475e-03
6.139127141280051325e-03
1.017861716427349676e-02
8.569414765231356604e-03
5.936270906275095335e-03
8.901614008860327804e-03
5.481529858574991226e-03
5.458605395176581616e-03
7.643101848513950310e-03
5.675732590055994689e-03
6.781708520895214989e-03
5.393097720533451822e-03
1.046996774477969121e-02
5.573244596267826548e-03
6.447866795045650856e-03
4.984435419651117409e-03
7.896635860828969677e-03
1.029621912959774628e-02
1.061851147766449364e-02
5.272835017686583123e-03
9.619807337462383742e-03
5.583409738080975793e-03
5.628946805514904034e-03
4.495165567435207080e-03
6.764573371031796720e-03
5.767938488613700947e-03
6.416231586597611301e-03
5.239576685412391036e-03
5.593286128832967129e-03
6.064831830345434466e-03
5.164336702315651222e-03
5.417657319464921732e-03
4.841141060848584178e-03
9.689532805251161590e-03
4.803963452242212065e-03
4.391193145763284955e-03
5.494575345185184929e-03
7.004012286922324873e-03
6.892875446305919869e-03
8.369945615611339845e-03
9.279959454878148120e-03
5.459254188666058660e-03
5.821108376704541010e-03
4.868096070405239506e-03
5.394772770525867872e-03
6.004625798312336789e-03
5.259373126060840932e-03
4.864731341224230905e-03
9.875128935989187576e-03
6.073201422424031812e-03
8.760206131055384843e-03
8.341052373335027664e-03
9.271093401416297120e-03
6.534166465659282073e-03
9.199425389580295764e-03
4.796781103318718993e-03
7.041851175386166541e-03
6.063413079263136121e-03
4.837833040679384057e-03
8.137566215571320066e-03
5.332665858047784188e-03
9.100847772597245311e-03
5.748122736716428788e-03
8.427555069260430493e-03
5.624174236599109242e-03
6.686115400153800140e-03
7.631027835936756744e-03
5.041261141260570955e-03
7.359101541116275756e-03
9.257605124339500849e-03
7.974449863387326684e-03
9.135081233765931716e-03
9.996357252883584718e-03
5.805230939986586597e-03
8.773657014534020498e-03
4.495966444328840760e-03
5.240015506273645179e-03
5.583896578658584242e-03
4.599804553569104490e-03
4.873212706266344049e-03
5.846525520989256063e-03
6.181866538178502034e-03
5.239157081493971656e-03
7.301681938611074250e-03
4.795129842267088077e-03
6.015915249671225686e-03
8.427758617506515143e-03
4.544141416038921001e-03
5.342996196488613604e-03
4.368959982954257436e-03
6.507008704103843695e-03
7.216066900472473643e-03
4.634025372100832735e-03
5.280687592355531867e-03
8.128233668009809260e-03
3.896654855657138289e-03
7.873878147078534201e-03
5.932776047170284020e-03
8.186987918200744341e-03
7.004165933439246601e-03
1.096590775407495222e-02
1.184585053602203036e-02
8.514866191640754756e-03
4.988794578149391597e-03
7.505576961760374380e-03
7.670555071896182492e-03
5.954382432965565561e-03
4.677743620183445229e-03
4.932836239294848164e-03
7.949004899728127904e-03
5.601181555121765611e-03
6.010397735242289582e-03
9.284978710059822726e-03
9.704232620609223869e-03
9.653265897258787517e-03
3.557355971206813648e-03
5.017997571602848990e-03
8.707102223904408453e-03
8.395443787426926444e-03
9.617716818215380978e-03
4.911282886732992910e-03
9.217885380656746022e-03
3.619295787442804342e-03
6.052513789534409022e-03
4.245291897862148341e-03
5.276861136857323095e-03
9.347370156716161560e-03
8.747123104417093772e-03
5.236000402590148053e-03
4.631131309389704964e-03
5.209459624500264487e-03
