1.179936869290542506e-02
1.303530952214415964e-02
8.950708072948903790e-03
6.894251929907783266e-03
8.534496799167195016e-03
7.224493954373239525e-03
6.429537775835578867e-03
7.492619753569725559e-03
6.575072095422748210e-03
7.378410860075351393e-03
6.773241042592021213e-03
6.852087032336453588e-03
7.541814732990266557e-03
6.465108768004147050e-03
6.804149771244910605e-03
7.695589647482128752e-03
8.062564158609578091e-03
1.095065881672249546e-02
7.155870782835440508e-03
6.737646189039462816e-03
8.509850684995892700e-03
6.109777174567172613e-03
7.748201705754509221e-03
6.594671099968921896e-03
6.416670081928968136e-03
1.198053837655859918e-02
1.111804421088880522e-02
6.320310257534179736e-03
6.964493077481018549e-03
5.781388609240055258e-03
7.150997695331859014e-03
6.327693880091540130e-03
8.128959628742212645e-03
1.024431940453405902e-02
6.708246173987602277e-03
7.392490059372567451e-03
6.650987235654471329e-03
1.014925832497321802e-02
7.565042729134184574e-03
5.925059421615025759e-03
6.720673416225051745e-03
7.487992198137621500e-03
5.962826577458310399e-03
6.489961959191694642e-03
5.693665466317149489e-03
6.943137392015953820e-03
6.065712407731333085e-03
9.908392441685542548e-03
5.852965624029603069e-03
5.873609062866013732e-03
1.044807115323333896e-02
4.908048194555657967e-03
5.968818353428833809e-03
6.487175209086313774e-03
6.105945124549975143e-03
5.393518027683143895e-03
7.866539119717883694e-03
6.108382563278476687e-03
7.533284836541167401e-03
7.749075756381282494e-03
5.054767904391946690e-03
6.978927452121710083e-03
5.914343475075032122e-03
5.745700348688286864e-03
7.666972814469595263e-03
1.069031051343591679e-02
5.744303446646935665e-03
1.097897003736256899e-02
6.050406498856760081e-03
5.703399411136670337e-03
7.160201273111128917e-03
5.311574993074551741e-03
1.020924812206689541e-02
9.687081381281303569e-03
5.385168883241349923e-03
7.198936445675908034e-03
7.433687893442853141e-03
5.743585484676397811e-03
7.353548413228013121e-03
9.634612887775128448e-03
1.000848929730202910e-02
6.525665680762186144e-03
5.688099229002283562e-03
6.721664102185618064e-03
6.087910054203742385e-03
6.953101506829453132e-03
5.921098595686235221e-03
5.364673754449727008e-03
5.642551262535626909e-03
9.685030596926822929e-03
5.553807404964926191e-03
7.254448470395024294e-03
5.659094745326729084e-03
6.083926752952955111e-03
6.100462115489705545e-03
6.044063705900800179e-03
1.135863294305073344e-02
9.604635062967976575e-03
5.735165873319545554e-03
6.598010214828033473e-03
6.298958841186215636e-03
1.073690669671030148e-02
5.502936832250625993e-03
1.021038104463136038e-02
6.901883244255210825e-03
6.349077827484550345e-03
4.948675335644050349e-03
6.327039414316594501e-03
5.409436364887327056e-03
5.424750944244976364e-03
1.001030257385890701e-02
6.367293411129498065e-03
5.640271650998174291e-03
1.014162432655432017e-02
5.013467932763447828e-03
6.197302031297377903e-03
5.228842576503141271e-03
5.464541475667095832e-03
6.538471938244656140e-03
6.663957179496045498e-03
6.119464919481831626e-03
1.022084457284347034e-02
7.369579336262671587e-03
1.055186080227049454e-02
5.957322119379191566e-03
9.828229410504003144e-03
5.681595783084536673e-03
5.381423368652510190e-03
5.844522922935019640e-03
5.056388586425417109e-03
5.377168030838277123e-03
7.415342041308898256e-03
5.267693483647422834e-03
9.291206343616922880e-03
5.815786151819139597e-03
5.904739876011477762e-03
4.885508622507465058e-03
6.387895559198625110e-03
4.370753745435453606e-03
9.787506669051138780e-03
5.666257971983585696e-03
6.425360712764897203e-03
6.018543853100771779e-03
7.027588409475787889e-03
5.198161108306466847e-03
5.744150549269575953e-03
5.724497082474083384e-03
4.158415625789514333e-03
4.393708704895738643e-03
6.526132238335861924e-03
6.121975564526164516e-03
9.263347102829892071e-03
7.933499838430320070e-03
5.457388239873157444e-03
9.404737709936269313e-03
7.803653288282243368e-03
8.206735377255700362e-03
6.438831643052300539e-03
6.789866097807771735e-03
4.882067607555374417e-03
5.470597680441088677e-03
5.994191964470686751e-03
5.050917722814385856e-03
8.803019716405603712e-03
8.627354580710535487e-03
5.337291545618167050e-03
4.331763667745906071e-03
1.021165881050589870e-02
9.162337001244752130e-03
5.904271400462136540e-03
6.124143215904954800e-03
6.257386560096120723e-03
5.336721374796944348e-03
7.387638933097327026e-03
8.080408164214408426e-03
5.317503470511764432e-03
8.421456682594398446e-03
4.922059426272844609e-03
4.924733125512127316e-03
4.773585487516867482e-03
