6.778658763066225564e-03
5.919578051268676797e-03
5.892449246233705425e-03
5.895202254878571801e-03
5.900239781516204013e-03
5.868594381670682453e-03
5.832431335078334771e-03
5.765786625399934272e-03
5.741229829563180773e-03
5.588579706701824433e-03
5.546679229113460514e-03
5.608073380897900771e-03
5.509750016715413666e-03
5.610679971122873450e-03
5.588530407842987220e-03
5.630996679011581428e-03
5.525961550954539177e-03
5.594508495471686889e-03
5.498499165216414776e-03
5.606014104512620222e-03
5.550528588271933655e-03
5.603637406976760306e-03
5.610235516445593630e-03
5.519522486024600570e-03
5.598830149705733873e-03
5.407825905747717064e-03
5.117354123293053024e-03
5.405781948375249987e-03
5.595450600380266412e-03
5.504660846045451340e-03
5.382435117092849823e-03
5.515577764083075263e-03
5.432380822856880398e-03
5.509782051736638805e-03
5.219286814766730710e-03
5.420147549581763070e-03
5.499643635322092917e-03
5.412605454322615139e-03
5.390122555872383509e-03
5.361297599073716093e-03
5.309492918436049293e-03
5.458657743118467374e-03
4.945715274332435074e-03
5.199290509638881085e-03
5.356034205368183365e-03
5.234206832002943899e-03
5.388400596907835446e-03
5.299820130640687729e-03
5.170485286188367113e-03
5.354978482517163199e-03
5.335959848060160653e-03
5.251058407378373510e-03
5.174195119856206913e-03
5.126326871154847538e-03
5.347411398382994827e-03
5.002941037071235303e-03
5.278459190597105909e-03
5.211289613420535746e-03
5.218752815549629678e-03
5.175124826602154476e-03
5.211392263229832483e-03
5.066865135579530499e-03
5.279685044988324805e-03
5.153031996072466453e-03
4.665648998928978268e-03
5.392103208968723922e-03
5.456961556420288073e-03
5.290014883235188113e-03
4.989954493184670624e-03
5.182571596839387340e-03
5.176887374922068893e-03
4.818235162172099240e-03
5.114951918818827839e-03
4.501176322632008744e-03
5.166577170332864455e-03
4.989106568881997161e-03
5.353371210398776524e-03
4.952512241330865941e-03
5.333718692714195346e-03
5.042171516757357197e-03
4.990647382717727266e-03
4.798243388392181910e-03
5.072590613002339079e-03
5.000974095138311336e-03
5.102467162645954284e-03
5.183389348233743109e-03
5.149800653988135732e-03
5.094056939410974809e-03
5.206459971172227794e-03
5.145712055701357791e-03
5.062287728715442539e-03
5.096729829609856002e-03
4.999588680104243010e-03
5.115510404853352427e-03
5.079903096349073881e-03
5.067862628440186409e-03
4.823276479390792293e-03
5.082281070247660244e-03
5.101871027280102666e-03
5.122931169700874719e-03
5.309317258685239058e-03
5.164985830408357938e-03
5.202725803209137280e-03
4.901650923836533766e-03
4.278393095565427226e-03
4.985868161292805571e-03
5.036318413957956153e-03
5.230472964202117353e-03
5.226376119619016540e-03
4.753844276193690439e-03
5.179032424296491251e-03
4.974417776977303751e-03
4.888096396070564995e-03
5.258044959391000583e-03
5.166432222003371731e-03
5.053327292339013059e-03
5.212879842209579978e-03
4.350431838218553685e-03
4.879424813138529861e-03
4.421083543652132991e-03
4.368543928260340027e-03
5.071468274965611027e-03
4.044357452066296016e-03
4.654503908503909194e-03
5.054953529571189902e-03
5.013349968699880137e-03
4.882879173093547867e-03
5.017703124980580666e-03
5.137532832767891314e-03
4.820527612799284205e-03
4.632908255388197387e-03
4.993217500982837127e-03
4.304420576874516680e-03
4.523054421377096720e-03
5.071195493176979853e-03
5.141333549026540044e-03
4.905905707386673878e-03
4.952354401489262800e-03
4.525641197086587887e-03
4.775937470820957806e-03
4.864057236748927510e-03
4.962055501242985424e-03
4.442664738226487567e-03
4.909537433516028039e-03
4.950168758566017742e-03
4.948483657654809131e-03
4.975977512915759696e-03
4.168582425298336148e-03
4.736418056188311868e-03
4.407980038208600924e-03
4.671181803241843643e-03
4.514410542888610753e-03
4.814028095785820825e-03
4.613856354016750323e-03
4.594168824883539982e-03
4.760573953972239460e-03
4.646268193991861042e-03
4.497694966739052523e-03
4.847190641740986225e-03
4.186246185009514890e-03
4.932345435323532735e-03
4.709431780635183265e-03
4.812140662490743161e-03
4.924068425448725056e-03
4.281021741260254872e-03
4.854137556600888331e-03
4.737730728451190754e-03
4.533840438280770102e-03
4.743954065185614598e-03
4.568966767070812944e-03
4.436070866747587188e-03
4.861204080794711245e-03
4.846858074855206998e-03
4.506189717764654858e-03
4.166968983346639420e-03
4.462993616617972129e-03
4.510769106875312830e-03
4.678289065902503478e-03
4.625130796722892387e-03
4.773349898407297856e-03
4.921291009383032926e-03
4.204247461723703040e-03
4.362665366167840786e-03
4.960778914662727392e-03
4.929184752006987580e-03
4.642576577353469541e-03
4.166903048422007302e-03
4.609225028127673582e-03
4.573272204599097834e-03
4.258248247614948578e-03
4.695437512845829393e-03
3.815257608772117635e-03
4.771075148493470613e-03
4.542034967837359216e-03
4.116571233769240369e-03
4.464042672085529254e-03
4.020119494492736638e-03
4.549148427995793574e-03
4.195064963345027965e-03
4.726573298378426539e-03
4.377743794089393112e-03
4.372598532682358402e-03
3.858172990026891187e-03
4.094904253483760796e-03
4.075215517025092098e-03
3.731240639953653689e-03
4.548422540342478108e-03
4.535610264931089902e-03
4.634161495501424102e-03
4.200750306927034626e-03
4.122044228265048411e-03
4.094846939525146993e-03
4.599055768708954460e-03
4.571568697366674636e-03
4.115730656552869966e-03
4.308958012469166210e-03
4.129105605697192156e-03
4.616752692685799353e-03
4.166532419228937724e-03
4.334566163125858941e-03
4.155912911944600885e-03
3.786631055117933593e-03
4.160829877640692329e-03
4.432164851102360185e-03
3.911636935706903039e-03
3.979587008119710341e-03
3.947256931124432447e-03
4.301512536189897561e-03
3.833476660278510410e-03
4.218160516412214518e-03
3.783440536869108958e-03
4.340164457292228911e-03
3.697747583002342076e-03
4.658287161544580335e-03
4.862809525009196762e-03
3.947174715695626369e-03
3.806912471013082239e-03
4.506061746491664063e-03
4.179399561603921662e-03
4.502385059333272044e-03
3.992270741484122386e-03
3.859508751044491131e-03
4.649453053188486173e-03
3.756418189327321265e-03
3.820589451731620529e-03
4.130260195884190126e-03
3.864175778780643347e-03
4.191245483903613921e-03
4.031002400718864016e-03
2.989817626349867887e-03
3.781368696781783542e-03
4.423391598712658052e-03
3.760365915218815119e-03
3.871746025442187981e-03
4.207450791594204847e-03
4.167515677099296011e-03
3.716720333898041340e-03
4.016845766887447433e-03
3.486852485151729908e-03
3.907198035845557173e-03
3.472215380619423850e-03
3.964480809035597457e-03
4.180879833249201601e-03
4.390980919949354598e-03
4.042514275309669683e-03
3.608672550182602003e-03
4.483104982111949834e-03
3.372670971626104582e-03
3.784714583713114956e-03
3.755000267749693168e-03
4.454275815240381874e-03
4.092101587523326763e-03
4.419097209309706155e-03
4.273981720572107672e-03
4.312415755889979947e-03
3.297682948041975350e-03
4.319200960218752203e-03
3.582416177992951267e-03
3.442755946727109936e-03
3.662064959897744654e-03
4.077991316194934379e-03
3.549327508113323242e-03
3.781140837478205383e-03
3.464584615534398778e-03
3.306972409897484481e-03
5.100439271204082643e-03
3.275563074689885352e-03
4.052431229163126411e-03
3.931414140860609030e-03
3.453305794570772722e-03
3.651257414421784850e-03
3.771237027136459946e-03
4.672684585010375077e-03
4.998369789654988002e-03
3.545212723649044176e-03
3.719098172131684449e-03
3.594104812849748757e-03
3.011714358065640043e-03
3.209600668833371452e-03
4.486974927345592154e-03
4.498965026925276847e-03
3.366765550075701864e-03
4.091336428729995187e-03
3.360808930010934000e-03
4.196350062549865194e-03
4.196975925074199892e-03
3.165191135797759681e-03
5.610726951253471734e-03
3.464052122638696524e-03
4.123727329042551661e-03
4.216259242563131886e-03
3.268436134637999965e-03
3.513390248219764971e-03
4.465938920023729969e-03
3.399533634559527909e-03
3.757875019710144471e-03
3.863050969837251124e-03
2.968169514356344945e-03
4.056643081466421684e-03
2.884677954159486652e-03
4.069041737549543812e-03
3.451725560067332461e-03
3.571071760983911617e-03
4.601949394466705104e-03
3.785972103469619453e-03
3.533988500664725016e-03
2.883987980405993985e-03
