6.799916610974106844e-03
5.875310665043245208e-03
5.894203148013020012e-03
5.856909019590208348e-03
5.899930458726254309e-03
5.840855188653674979e-03
5.739352209055902446e-03
5.778267753695379670e-03
5.630475301800085160e-03
5.686071855711291763e-03
5.626087798110850947e-03
5.604224057455497489e-03
5.586077234070601499e-03
5.637064890653662591e-03
5.686400590049717728e-03
5.740847148006491922e-03
5.648475106522807959e-03
5.545349125030545577e-03
5.332501891402024151e-03
5.559831900954333161e-03
5.583968965198422840e-03
5.618921402104111104e-03
5.609221342176964886e-03
5.421233951127622970e-03
5.304736583978840979e-03
5.440231601243956765e-03
5.490045052422219164e-03
5.366246601413329591e-03
5.409176350379757241e-03
5.450357067122273309e-03
5.367471411715447720e-03
5.555532133256873596e-03
5.149518049830533427e-03
5.475605100896119293e-03
5.393105009035848059e-03
5.344452167486996898e-03
5.532829106896403580e-03
5.283881571873466805e-03
5.237080392426619706e-03
5.246869535792471513e-03
5.278059741581501811e-03
5.297668491638064629e-03
5.405634765997555623e-03
5.430151193060198285e-03
5.438857379688663389e-03
5.472270741992898979e-03
5.113154356188645382e-03
5.413732602698599454e-03
5.315074720886270310e-03
5.408976473829675384e-03
5.433025545299009253e-03
5.165841115903495144e-03
4.786053845643641232e-03
5.461005318479470773e-03
5.569775763275891176e-03
5.314253046293152156e-03
5.466408719390565205e-03
5.292337237252624921e-03
5.306138076001791840e-03
5.146460062775271363e-03
5.260098873551667144e-03
5.034941536761112363e-03
5.080111088914790463e-03
5.121683211772754853e-03
5.266854170213217286e-03
5.229389195283000794e-03
4.989257585096861132e-03
4.945175881341104702e-03
5.259015518155982227e-03
4.932253924752664359e-03
5.180864247435894125e-03
5.385203517194018380e-03
5.194303073983206655e-03
4.530521443599402898e-03
5.318019478413625774e-03
4.964932503560072138e-03
5.128377858282859650e-03
4.972800595709116894e-03
5.110758333740512624e-03
5.281753045455551791e-03
5.161515546027546295e-03
5.304307515297021491e-03
4.922781122434574837e-03
5.294991203725478088e-03
5.062174535477579826e-03
5.248115263596538939e-03
4.956451001801953291e-03
4.776712938289708749e-03
4.958696170328706285e-03
5.244940370645632260e-03
5.115929477892374941e-03
5.226889271488839410e-03
4.770827476725586144e-03
4.996713837329098268e-03
5.203332230888035870e-03
5.129531819448738574e-03
4.930554387702516979e-03
4.682007452962281581e-03
4.781172965919525120e-03
5.151658127132399158e-03
4.984897737835007787e-03
5.242150262773178325e-03
4.759509891776149762e-03
4.875735036666366956e-03
5.061421847401043408e-03
5.266236257138416123e-03
4.862292262885399043e-03
4.342685915101122257e-03
4.911154493383662091e-03
5.154915507981971089e-03
5.183424055909846041e-03
5.006426788564525762e-03
4.953082850046783107e-03
4.943845500889040845e-03
5.189942361304118908e-03
5.175365020720328578e-03
5.141636922623478261e-03
4.898730142243968785e-03
4.800141308827020337e-03
4.643906086037027058e-03
5.121452487947884651e-03
4.979494143255661781e-03
5.073200285761759673e-03
4.495436954572800368e-03
5.085072274801412905e-03
4.995498094128122957e-03
4.897982515796381678e-03
4.985903815285963603e-03
4.297652807698401980e-03
4.810848832490067714e-03
4.860461026821211866e-03
5.213610840165212174e-03
5.164325997338999573e-03
4.686422455507225672e-03
4.796789448442807281e-03
4.455225692965017123e-03
4.997417909915527999e-03
4.588584676946713681e-03
4.901880316736360182e-03
4.899488797617011088e-03
4.654498763181672341e-03
4.756706136361190003e-03
4.812231062221219643e-03
4.635968164746756028e-03
5.031733764843267752e-03
4.786254247600205299e-03
4.902206832828791272e-03
4.891996243373062173e-03
4.985487775103712368e-03
5.011384509501951717e-03
4.929919658368282255e-03
4.990641559697438223e-03
4.725298703876952555e-03
4.864743540775970376e-03
4.584849180161377352e-03
4.819965295687501233e-03
4.436200661045144357e-03
4.081440134149721261e-03
4.540122651319277759e-03
4.748436523126317414e-03
4.727946365551872858e-03
3.865208791430276535e-03
4.805008362290039484e-03
4.249261797990189389e-03
4.762679332879481489e-03
4.768589866263687679e-03
4.288200630232907352e-03
4.631745808798269290e-03
4.592841566148806072e-03
4.077425085720400369e-03
4.234945611889050221e-03
4.649962084286550501e-03
4.585641562028972516e-03
4.624307783534085080e-03
4.459576602107371592e-03
4.471317041915439695e-03
4.675936568473246235e-03
4.879553248395302606e-03
5.037665702129293273e-03
4.722467934519850551e-03
4.769768583446343940e-03
3.873860027979808378e-03
4.666811661363821223e-03
4.254646549698035303e-03
4.732593708103402519e-03
4.344224090393703636e-03
4.549995102690188205e-03
3.806224707191732236e-03
4.690026948546096620e-03
4.449013420756623045e-03
4.208643201633850868e-03
4.553276429674859259e-03
3.899754246771385945e-03
4.227200596831951450e-03
4.094451843528456106e-03
4.898168583744249606e-03
4.171355302027096763e-03
4.131866221100989611e-03
4.232061148560252277e-03
4.623574045304021905e-03
3.775901319602434272e-03
4.078149751094913358e-03
4.352233650955471440e-03
4.666713401994343480e-03
4.658132835899581048e-03
4.725273673484870623e-03
5.154112716364359081e-03
4.623675821262234267e-03
4.342000406386685961e-03
4.546910277455802618e-03
4.126090368923606734e-03
4.513360662272270125e-03
4.844654548366531324e-03
4.817762664980692645e-03
4.505554862909541720e-03
4.406239116164072447e-03
4.236205123935347927e-03
4.666260204195162714e-03
4.009559610318898931e-03
4.063306388797112596e-03
3.853730384248714100e-03
4.049694407798026634e-03
4.376415027600032322e-03
4.561551486708334720e-03
4.016785609719877165e-03
3.791876525615002057e-03
3.872267988068462535e-03
4.469523065958634807e-03
4.716626170703966392e-03
4.611382465221282312e-03
4.077495321694516069e-03
3.000523691239333733e-03
4.377591046001743334e-03
4.271912811749251256e-03
4.490393969169298276e-03
4.360717030221133821e-03
4.012242322935001722e-03
4.281234852227862146e-03
4.509021407016575167e-03
3.893918198797934830e-03
3.576320599523010249e-03
3.066197258401927132e-03
3.735295787629835506e-03
4.221819537032818308e-03
4.289723876728946880e-03
3.958161670144919562e-03
3.440227900803645780e-03
4.172405478695108416e-03
3.268966952249366918e-03
4.117322484491791820e-03
3.845343433631864122e-03
4.401264195290333602e-03
4.178539747991530037e-03
4.215988207757774900e-03
4.120564204088602092e-03
3.927806135940733329e-03
4.041934154915266877e-03
3.736058777569086376e-03
3.937847903287464320e-03
4.198075265019571289e-03
4.891136477824774460e-03
3.749880905754176662e-03
4.314026314759936316e-03
4.165976663565077939e-03
3.491502275648580410e-03
3.156591096820577855e-03
4.111463060412841493e-03
3.635850453445706263e-03
3.764299635040227032e-03
4.525058542518504284e-03
4.015148262263130118e-03
4.234581601516309267e-03
3.800265449773932228e-03
4.621880622980330602e-03
3.773095894399636566e-03
3.536495214699016121e-03
3.618422024892496529e-03
3.824909280810882828e-03
4.101208600750149563e-03
3.490275351607624674e-03
4.321601768784617999e-03
4.555031731753962296e-03
2.898001085110591193e-03
4.586205719482622234e-03
4.179771452502644390e-03
3.332690127694766351e-03
4.132694244008416028e-03
