8.584821733831002333e-03
7.256568191698416388e-03
7.195720760598591122e-03
7.071223444986742511e-03
7.142010056260330447e-03
7.074372863444515318e-03
7.089130364158114164e-03
6.932693102415827743e-03
7.053527178107063360e-03
7.028476547207796084e-03
6.933529528410200919e-03
7.023213943840391632e-03
6.877501978476792052e-03
6.930567871686482868e-03
6.872426692166130023e-03
6.972067192258625881e-03
6.731670423795067977e-03
6.031090677726891336e-03
6.883180928695775691e-03
6.708263462268656413e-03
6.794423895368076512e-03
6.569141133816586847e-03
6.891859298753586285e-03
6.762142572057428837e-03
6.775256303412378889e-03
6.578654649178339309e-03
6.657362625281212226e-03
6.861551848689835011e-03
6.791930947931045133e-03
6.633498389790970159e-03
6.590323781694334623e-03
6.575658701896039404e-03
6.762975225961884683e-03
6.592722626007625590e-03
6.399056399889664973e-03
6.629149481456331379e-03
6.487467815016652491e-03
6.086827316100849872e-03
6.287651523327642510e-03
6.445615852686791859e-03
6.385774719083662718e-03
6.087735838137457375e-03
6.473469009513400409e-03
6.408156265632083091e-03
6.324634649941431389e-03
6.426268387495084368e-03
6.343906563995749259e-03
6.432434349623515797e-03
6.383685792798382552e-03
5.886762709872536865e-03
6.537324203307872880e-03
6.486586655402743276e-03
5.752355437072794418e-03
6.136967520680285462e-03
6.266700211594613407e-03
6.447875234719706826e-03
6.417550037966728883e-03
5.666759848632700949e-03
6.308568954825234144e-03
6.235447007218331700e-03
6.243698799855569581e-03
5.642448686492115319e-03
6.166208084526433007e-03
6.167509163818309451e-03
6.216745646027564860e-03
6.310101513080178422e-03
6.584833560471917147e-03
6.442121387300310184e-03
6.260342314829556859e-03
6.218059904926762603e-03
6.355809790641535340e-03
6.249996584896192961e-03
5.789405158023300246e-03
5.677687248891172267e-03
5.700909309419059483e-03
5.447148237263582660e-03
6.265439433364859007e-03
6.041557184068488233e-03
5.751365459972241322e-03
5.673049379514776697e-03
5.227835345671269507e-03
4.933446859461986141e-03
6.125589148910535672e-03
6.565311330562879910e-03
6.365362989779976138e-03
6.066161583070121301e-03
5.470682178022829266e-03
5.813572007346159629e-03
5.707356253782503927e-03
4.919949435010571685e-03
5.414847215580423714e-03
5.387309663656191482e-03
6.219489771708010782e-03
5.914241000433280784e-03
6.043281793597415387e-03
5.166403354898725826e-03
5.030386647113851625e-03
5.710471848279302653e-03
6.147509389467325364e-03
5.857634372636886209e-03
5.683286226383713058e-03
4.805700323563858421e-03
5.183433105035323632e-03
5.925816469822794801e-03
5.633614213527938716e-03
4.876273031783851138e-03
5.346391752692371789e-03
6.008372573605263653e-03
5.375472190624901343e-03
5.915116037063117109e-03
6.092070338208261521e-03
5.627768080717502133e-03
5.396773162118195279e-03
5.503853236991594275e-03
5.023000642018719125e-03
5.825010215187879925e-03
5.571028382117738063e-03
4.943855610275093952e-03
5.736932744032229199e-03
5.276372072756664068e-03
4.854991214464895836e-03
6.023872017426731493e-03
5.830312896647833060e-03
5.093649886425985138e-03
4.684762703153789835e-03
4.691627424536295304e-03
6.241287331681194539e-03
5.056742559874008620e-03
5.699982490225877392e-03
5.371111049366295367e-03
5.789313231358398509e-03
4.326811572573290715e-03
5.902325102243485312e-03
4.072625261711964456e-03
6.192889574442298449e-03
5.456027512870041153e-03
4.650285906106806436e-03
5.552883298713734081e-03
6.003925812576367538e-03
4.500783755333592935e-03
5.012460493183250147e-03
5.705396610225706502e-03
5.654520353571632595e-03
4.855698078267814410e-03
5.019869852429459205e-03
5.040615006419957474e-03
4.501008771849120127e-03
5.034296010770334881e-03
4.946391786437129463e-03
4.392392596820798682e-03
5.637916944872723227e-03
5.790710345306736458e-03
5.201015629237559432e-03
5.547210554669499034e-03
4.330032047618052014e-03
5.000089098794883828e-03
4.732416176055773832e-03
5.283719872879222117e-03
5.698589487182653159e-03
4.699253840317070725e-03
5.568346413206291291e-03
4.870410462981322047e-03
6.636790028771322181e-03
4.890541456374125975e-03
5.173403788802254447e-03
5.070228332252238283e-03
5.470517670814464134e-03
4.936268159232877484e-03
4.582225092717737668e-03
4.816083850128711867e-03
4.866974838737516545e-03
4.431986359171705137e-03
5.163271951307152503e-03
4.341259811340080280e-03
4.356651204413856081e-03
5.479937069584820374e-03
4.922050607675472304e-03
6.627331988837107876e-03
4.088852732918741781e-03
6.576683744010424285e-03
5.296232831723227293e-03
4.010975897494408610e-03
4.955991150329300959e-03
4.442228930351270304e-03
5.387281826357727746e-03
3.163842476956652602e-03
4.545136412304682551e-03
5.883057151187825844e-03
4.894196065509290663e-03
4.243457693966184822e-03
4.148727052685328813e-03
4.366096463251503863e-03
6.618755854237689737e-03
4.492544008347034226e-03
4.093283917809675994e-03
5.181336584860392683e-03
4.446360904753650367e-03
5.269555081094234178e-03
4.758161793279954213e-03
5.034628768172367923e-03
7.419275845659502842e-03
4.518172867362927995e-03
4.354399179112048227e-03
5.088106550389243088e-03
4.600262859173897753e-03
3.972474909948457006e-03
3.936820687603671647e-03
3.818252237542495067e-03
4.962860698623121521e-03
3.258704775300872401e-03
4.386689059477011897e-03
5.243142604835964414e-03
4.268159798059601578e-03
5.836917719731043487e-03
4.238203871404929400e-03
5.471867006456308628e-03
4.856165378013892718e-03
4.161533549360069834e-03
4.378939129867967170e-03
3.650972805839208888e-03
4.825673952110588229e-03
6.503447568456750295e-03
4.935850227162396839e-03
4.599330806494308400e-03
4.409620275427897883e-03
4.368790632347471260e-03
7.393727658682326676e-03
4.390636718753904329e-03
3.454333290538540244e-03
4.433579896430361357e-03
4.281743405746559795e-03
4.476996432217840959e-03
4.286398631969257599e-03
6.164507735111703773e-03
5.380386540377854465e-03
3.915218747573336391e-03
3.708931367049412946e-03
4.032876375603577229e-03
4.004193886839575375e-03
5.981408218649766385e-03
3.374990779865310372e-03
4.741930866725677443e-03
5.462499538049466093e-03
4.575544353682706351e-03
5.392136901406495084e-03
5.154132565769986053e-03
3.893678817421857875e-03
6.469644638140000133e-03
4.285290972610957677e-03
6.878195232338018758e-03
4.243838336781448860e-03
4.553811366001152619e-03
3.422600037541715864e-03
5.024505303658275898e-03
4.931893192700357101e-03
4.682321050936919318e-03
3.947715404819017795e-03
4.530472701841384287e-03
4.827165452022590814e-03
4.922798936025332694e-03
4.421548594104472187e-03
4.011073808213650935e-03
5.240055225123841851e-03
4.795506533951243190e-03
4.911089612499586199e-03
5.130754605761472624e-03
3.054423329215694757e-03
6.793987081198666310e-03
3.910931475941964962e-03
5.578789301258981100e-03
5.029998849533604856e-03
4.869431494870062917e-03
6.205988238578125961e-03
4.911290667448259435e-03
3.656097601304357514e-03
4.222158215859453737e-03
3.970047383058547541e-03
4.269543151574716096e-03
5.717117163829539203e-03
3.162139014819989428e-03
4.613803504682759647e-03
6.090966470839754079e-03
5.538336745453796388e-03
3.862473389151690421e-03
4.135056425712957742e-03
4.586128341621163729e-03
4.211689003034656958e-03
3.796950949866104066e-03
2.893893640877858407e-03
5.722375988441670558e-03
3.778735196571647061e-03
4.434162023784896101e-03
5.936731243008388365e-03
5.945604386508451279e-03
4.673686388364282386e-03
3.490889842355829678e-03
4.938232958397952878e-03
4.001674684667421052e-03
4.108251083405131156e-03
5.558210101630495746e-03
3.567574513260621510e-03
6.823136516823648592e-03
5.939825131604961443e-03
6.867920920257054168e-03
4.248957448287883631e-03
6.110547048130171750e-03
3.642353693724429114e-03
6.775200897073245868e-03
4.913029484517171357e-03
4.123534208508731862e-03
3.515369370366019063e-03
5.301103212845181302e-03
3.778177216444449354e-03
6.058579691559000738e-03
4.356013273952144549e-03
3.966403592426717348e-03
3.458627066147055857e-03
4.239579715272397131e-03
3.944533243006227187e-03
4.709320836823995861e-03
4.978072214185968493e-03
4.972340880641311182e-03
6.438079691969944215e-03
4.326843621680619666e-03
4.169984528390605419e-03
4.169077987024567312e-03
6.729379470465562084e-03
3.883171432575463662e-03
3.429297154267682383e-03
3.966183164057939838e-03
6.534474159889412659e-03
5.364655741373198367e-03
3.039460346538796695e-03
4.097474619997527531e-03
4.010666280548268181e-03
3.320475957313868184e-03
4.080060061296732384e-03
6.463714323370240919e-03
6.216795775491138105e-03
4.340441864142234769e-03
7.149621158660877940e-03
4.231928356472835877e-03
4.275695587217234403e-03
4.680318048307664444e-03
3.778692295933902111e-03
6.574271685230484788e-03
6.697407949372229975e-03
5.041544479504047813e-03
3.678463119764397490e-03
5.129219452642892751e-03
3.065535954448949437e-03
4.861842947139455307e-03
5.973781987288200902e-03
4.086213279063454634e-03
3.368782686441920086e-03
3.891459524871678562e-03
4.852035915972242701e-03
3.747692180933471281e-03
4.848950131062780729e-03
5.469453625059487664e-03
5.692262069894110481e-03
4.927218879557089190e-03
4.054203054530407246e-03
6.452818953166195200e-03
5.767598129879549472e-03
4.084546797093279932e-03
4.211344849463272838e-03
5.604321896489522156e-03
3.907191517042901512e-03
3.889654317940190870e-03
3.692094781264050780e-03
5.927327904112237797e-03
4.358159682825311389e-03
