8.694508011956616350e-03
7.226772410207886986e-03
7.199614609083037492e-03
7.196698920317397448e-03
7.080771441828653985e-03
7.138383995059568478e-03
6.975639725165350136e-03
7.084523884885479683e-03
6.933065554585969570e-03
6.949246973963781222e-03
6.942334134095652642e-03
6.745540773067828025e-03
6.968300057515595773e-03
6.890683191818866224e-03
6.723636112870176595e-03
6.783650639399308249e-03
6.881823229519663278e-03
6.694139371346220259e-03
6.609508731029537301e-03
6.945240268414633496e-03
6.006958026046081700e-03
6.871600637684475814e-03
6.757592257569570472e-03
6.571102709228710155e-03
6.754720737312698391e-03
6.729522975242929750e-03
6.722782125085097725e-03
6.723680456527406264e-03
6.676961308379951270e-03
6.739012323536975810e-03
6.722935606763897134e-03
6.269659918514427187e-03
6.752006454784789322e-03
6.617740874103637989e-03
6.663437520549389537e-03
6.752070293049840244e-03
6.689575609840588306e-03
6.704507773406381647e-03
6.182308401765175022e-03
6.487605670880974493e-03
6.573145648002128374e-03
6.376715075460269791e-03
6.496228593831911320e-03
6.461913798083327408e-03
6.268689588871689290e-03
6.597643790891344860e-03
6.404996377642405668e-03
6.470532864886530643e-03
6.308201544624189756e-03
6.206365806856428170e-03
6.007061894033598193e-03
6.475455082437993684e-03
6.303667849061860527e-03
5.944893609086532651e-03
6.519940866629209478e-03
6.200747660673297697e-03
6.034360361782624589e-03
6.081515972478115407e-03
6.293162515411519602e-03
6.542934130214125323e-03
6.010146464354313746e-03
6.072054628976922969e-03
6.590603874716743915e-03
6.403532726598019573e-03
6.439827871124157582e-03
5.881602570843694026e-03
6.113712322732439176e-03
6.480275956609550872e-03
6.220712739062553981e-03
6.146252165508086021e-03
5.924929892370612086e-03
6.018146564771798164e-03
6.049137478278995839e-03
5.181048932569229902e-03
5.943417959184422311e-03
6.101510700453871214e-03
5.845249840573457471e-03
6.034994283147221070e-03
5.485128500210497728e-03
5.940627560566610899e-03
6.037746288534552239e-03
5.330670528894401392e-03
6.366461182413279268e-03
6.029046156072814973e-03
5.870159190060598130e-03
5.298296236001086811e-03
6.208284850140806388e-03
6.140167116837888517e-03
4.884087888386116037e-03
5.662843519006886817e-03
5.559920129894807897e-03
5.945555805966029964e-03
6.290742811756110456e-03
6.138429723520825651e-03
4.680102039379185896e-03
6.120478427991024074e-03
6.138889075183218830e-03
5.568590257506962800e-03
5.995706797679393844e-03
5.574261182900002061e-03
5.117704029945034129e-03
5.843334034922237352e-03
5.487838698546363206e-03
5.956803491948589602e-03
5.485896615893772268e-03
5.102595655205067852e-03
4.835232091445931628e-03
5.265697566270639493e-03
5.239544735600303385e-03
5.593838820742554063e-03
6.040475668018147754e-03
4.681942568353447340e-03
5.960252830555858548e-03
4.759230518241826767e-03
4.981010511054980577e-03
5.892225644937180984e-03
5.332682333250912156e-03
4.801873354562584927e-03
5.220225578828547805e-03
4.981828984965991358e-03
5.401837478409957094e-03
5.500598578917831848e-03
5.123714360834190351e-03
5.784576563826167653e-03
5.159704046281706098e-03
4.847692801288248227e-03
5.860826557461744704e-03
4.559652245689430582e-03
4.254909990072185122e-03
5.589180997394113497e-03
5.321160764883768428e-03
5.211707765969417552e-03
5.603531802160078082e-03
5.213998876251225295e-03
4.464787673646546974e-03
5.354084533060960230e-03
4.893545085519133454e-03
5.051049684306368678e-03
4.920452301958966150e-03
4.705420628819682177e-03
5.305894701024185117e-03
4.459118390920896978e-03
6.045253277859175337e-03
5.674246434718540656e-03
5.786520996893960468e-03
4.967716067861311681e-03
5.352803501670190360e-03
4.704695633090157612e-03
4.455953298170651708e-03
5.286242280114953826e-03
5.097486844046285152e-03
4.326021388767652825e-03
5.516559023978016493e-03
4.487049863913067718e-03
5.348654397613394028e-03
4.555812430695240986e-03
4.479829262470621902e-03
5.364436796921138659e-03
4.898884399108188389e-03
5.205393349980190661e-03
4.216954035847481422e-03
4.961437733061314741e-03
4.522800888681561063e-03
5.328704829625444811e-03
4.687780538891590972e-03
3.963685849817921540e-03
4.968777970099535167e-03
5.739991668029269765e-03
4.311259030911920170e-03
5.136732681950620730e-03
4.203877238038714569e-03
3.503191476657319201e-03
4.392375489944708514e-03
4.145135059472795057e-03
4.286989555102314539e-03
3.355257664247376231e-03
5.438296134108341201e-03
3.793941368560869217e-03
4.409483451665871870e-03
4.857843572291626125e-03
5.162812629121697576e-03
5.119942854699316252e-03
6.558547484748372160e-03
4.666907185769320586e-03
3.987832827376700320e-03
5.160041846236469547e-03
5.934632877148327511e-03
4.981849720692500469e-03
5.486064753081547340e-03
4.711552923446695774e-03
4.990031041920039295e-03
4.993484865866715423e-03
4.437427954689925937e-03
7.031592456494660352e-03
4.379625084925841370e-03
5.012075645201242644e-03
3.346117203034056596e-03
5.376034324055567123e-03
4.160767122256518388e-03
5.527527316494649894e-03
5.284890684617784759e-03
4.023012358824904107e-03
4.607612136080537109e-03
5.130352671161223302e-03
6.173815872333013148e-03
4.700979938738306801e-03
4.275423480593595719e-03
5.081541911405961301e-03
4.333058736905808818e-03
4.918113907848828230e-03
4.406674691128176571e-03
4.534149813080153024e-03
3.942350547297075562e-03
3.734068420408296826e-03
3.777170716290840710e-03
4.277798684717781796e-03
4.575366956759577795e-03
6.299415484531545144e-03
3.882518778800470895e-03
4.824393813917752377e-03
5.076974805940267371e-03
5.177112433266501008e-03
4.804766272104465941e-03
7.250517577675556422e-03
4.831576408840753539e-03
4.490675234777989112e-03
4.180169143411183175e-03
6.073944398488932347e-03
5.012727405129142715e-03
5.005053909823883526e-03
3.881515428077369004e-03
3.920341772412349289e-03
4.444503266717086606e-03
4.055010014466914163e-03
5.338825408799905553e-03
4.155604593525266503e-03
4.936739683487067175e-03
4.167711703758093626e-03
6.186475269678854208e-03
3.267069792535275304e-03
3.335160318576417190e-03
6.551442180328033958e-03
4.020097390515457898e-03
4.294691480111253491e-03
3.415191198498402757e-03
5.389982701446889048e-03
5.037888211280453117e-03
3.520156823854763903e-03
4.097703666162962749e-03
6.437848576655641128e-03
3.562795117898285863e-03
4.089342915644537772e-03
4.302304626940307679e-03
3.509958369099990243e-03
3.857003822118663851e-03
6.459464952993951813e-03
3.865822418436610543e-03
2.936066671323866051e-03
3.999276033959180479e-03
4.128765010524694350e-03
4.266787799878990484e-03
4.298068826004274902e-03
5.702233650330987107e-03
4.337815280611602604e-03
3.850165994326267601e-03
3.855438508755688280e-03
4.688764050402420731e-03
4.102643966118837277e-03
4.071444495820689645e-03
