6.799916610974106844e-03
5.875310665043245208e-03
5.894203148013020012e-03
5.856909019590208348e-03
5.899930458726254309e-03
5.840855188653674979e-03
5.739352209055902446e-03
5.778267753695379670e-03
5.630475301800085160e-03
5.686071855711291763e-03
5.626087798110850947e-03
5.604224057455497489e-03
5.586077234070601499e-03
5.637064890653662591e-03
5.686400590049717728e-03
5.740847148006491922e-03
5.648475106522807959e-03
5.545349125030545577e-03
5.332501891402024151e-03
5.559831900954333161e-03
5.583968965198422840e-03
5.618921402104111104e-03
5.609221342176964886e-03
5.421233951127622970e-03
5.304736583978840979e-03
5.440231601243956765e-03
5.490045052422219164e-03
5.366246601413329591e-03
5.409176350379757241e-03
5.450357067122273309e-03
5.367471411715447720e-03
5.555532133256873596e-03
5.149518049830533427e-03
5.475605100896119293e-03
5.393105009035848059e-03
5.344452167486996898e-03
5.532829106896403580e-03
5.283881571873466805e-03
5.237080392426619706e-03
5.246869535792471513e-03
5.278059741581501811e-03
5.297668491638064629e-03
5.405634765997555623e-03
5.430151193060198285e-03
5.438857379688663389e-03
5.472270741992898979e-03
5.113154356188645382e-03
5.413732602698599454e-03
5.315074720886270310e-03
5.408976473829675384e-03
5.433025545299009253e-03
5.165841115903495144e-03
4.786053845643641232e-03
5.461005318479470773e-03
5.569775763275891176e-03
5.314253046293152156e-03
5.466408719390565205e-03
5.292337237252624921e-03
5.306138076001791840e-03
5.146460062775271363e-03
5.260098873551667144e-03
5.034941536761112363e-03
5.080111088914790463e-03
5.121683211772754853e-03
5.266854170213217286e-03
5.229389195283000794e-03
4.989257585096861132e-03
4.945175881341104702e-03
5.259015518155982227e-03
4.932253924752664359e-03
5.180864247435894125e-03
5.385203517194018380e-03
5.194303073983206655e-03
4.530521443599402898e-03
5.318019478413625774e-03
4.964932503560072138e-03
5.128377858282859650e-03
4.972800595709116894e-03
5.110758333740512624e-03
5.281753045455551791e-03
5.161515546027546295e-03
5.304307515297021491e-03
4.922781122434574837e-03
5.294991203725478088e-03
5.062174535477579826e-03
5.248115263596538939e-03
4.956451001801953291e-03
4.776712938289708749e-03
4.958696170328706285e-03
5.244940370645632260e-03
5.115929477892374941e-03
5.226889271488839410e-03
4.770827476725586144e-03
4.996713837329098268e-03
5.203332230888035870e-03
5.129531819448738574e-03
4.930554387702516979e-03
4.682007452962281581e-03
4.781172965919525120e-03
5.151658127132399158e-03
4.984897737835007787e-03
5.242150262773178325e-03
4.759509891776149762e-03
4.875735036666366956e-03
5.061421847401043408e-03
5.266236257138416123e-03
4.862292262885399043e-03
4.342685915101122257e-03
4.911154493383662091e-03
5.154915507981971089e-03
5.183424055909846041e-03
5.006426788564525762e-03
4.953082850046783107e-03
4.943845500889040845e-03
5.189942361304118908e-03
5.175365020720328578e-03
5.141636922623478261e-03
4.898730142243968785e-03
4.800141308827020337e-03
4.643906086037027058e-03
5.121452487947884651e-03
4.979494143255661781e-03
5.073200285761759673e-03
4.495436954572800368e-03
5.085072274801412905e-03
4.995498094128122957e-03
4.897982515796381678e-03
4.985903815285963603e-03
4.297652807698401980e-03
4.810848832490067714e-03
4.860461026821211866e-03
5.213610840165212174e-03
5.164325997338999573e-03
4.686422455507225672e-03
4.796789448442807281e-03
4.455225692965017123e-03
4.997417909915527999e-03
4.588584676946713681e-03
4.901880316736360182e-03
4.899488797617011088e-03
4.654498763181672341e-03
4.756706136361190003e-03
4.812231062221219643e-03
4.635968164746756028e-03
5.031733764843267752e-03
4.786254247600205299e-03
4.902206832828791272e-03
4.891996243373062173e-03
4.985487775103712368e-03
5.011384509501951717e-03
4.929919658368282255e-03
4.990641559697438223e-03
4.725298703876952555e-03
4.864743540775970376e-03
4.584849180161377352e-03
4.819965295687501233e-03
4.436200661045144357e-03
4.081440134149721261e-03
4.540122651319277759e-03
4.748436523126317414e-03
4.727946365551872858e-03
3.865208791430276535e-03
4.805008362290039484e-03
4.249261797990189389e-03
4.762679332879481489e-03
4.768589866263687679e-03
4.288200630232907352e-03
4.631745808798269290e-03
4.592841566148806072e-03
4.077425085720400369e-03
4.234945611889050221e-03
4.649962084286550501e-03
4.585641562028972516e-03
4.624307783534085080e-03
4.459576602107371592e-03
4.471317041915439695e-03
4.675936568473246235e-03
4.879553248395302606e-03
5.037665702129293273e-03
4.722467934519850551e-03
4.769768583446343940e-03
3.873860027979808378e-03
4.666811661363821223e-03
4.254646549698035303e-03
4.732593708103402519e-03
4.344224090393703636e-03
4.549995102690188205e-03
3.806224707191732236e-03
4.690026948546096620e-03
4.449013420756623045e-03
4.208643201633850868e-03
4.553276429674859259e-03
3.899754246771385945e-03
4.227200596831951450e-03
4.094451843528456106e-03
4.898168583744249606e-03
4.171355302027096763e-03
4.131866221100989611e-03
4.232061148560252277e-03
4.623574045304021905e-03
3.775901319602434272e-03
4.078149751094913358e-03
4.352233650955471440e-03
4.666713401994343480e-03
4.658132835899581048e-03
4.725273673484870623e-03
5.154112716364359081e-03
4.623675821262234267e-03
4.342000406386685961e-03
4.546910277455802618e-03
4.126090368923606734e-03
4.513360662272270125e-03
4.844654548366531324e-03
4.817762664980692645e-03
4.505554862909541720e-03
4.406239116164072447e-03
4.236205123935347927e-03
4.666260204195162714e-03
4.009559610318898931e-03
4.063306388797112596e-03
3.853730384248714100e-03
4.049694407798026634e-03
4.456917313301850953e-03
4.484683439741526771e-03
3.670970125016736509e-03
4.416544302823231447e-03
4.572789727841166524e-03
3.378224620347098327e-03
4.077856744179292336e-03
4.019647753372208691e-03
4.241417677248053575e-03
4.039457267280665252e-03
4.418829552625628404e-03
4.605075046808913657e-03
4.417160758575826990e-03
4.762196461808939837e-03
4.329857671646362115e-03
4.657449626877786797e-03
3.938258239471577153e-03
4.092896078518252177e-03
4.356427761577890551e-03
4.183506720392267571e-03
4.349312177763796881e-03
4.112536688831695646e-03
4.286496798042400275e-03
4.612531996731541496e-03
3.767177106742348059e-03
4.335659342498842175e-03
3.197045371369018792e-03
3.766538119094845361e-03
3.899257773034587454e-03
3.751187455163021000e-03
3.558298781020958080e-03
4.290903081810927382e-03
3.756374161577781361e-03
3.702465572233830035e-03
3.478988247008097702e-03
3.937269040228229787e-03
4.199189320170152416e-03
4.136810242741277045e-03
4.648369746572450847e-03
4.861790224717855817e-03
3.284623343559717971e-03
3.204886079114774734e-03
3.434022190870895594e-03
4.165468909835306349e-03
4.089019176483050556e-03
4.043879662447822515e-03
3.722067968493272903e-03
3.970064646688331936e-03
3.883246714435561846e-03
4.354172151517312489e-03
4.355185684311485214e-03
3.692098530945311149e-03
3.948339556883360101e-03
3.392984031113807641e-03
3.836521130759935286e-03
3.604140356134762774e-03
4.116983474033757834e-03
4.441758561215560647e-03
3.623703667112111899e-03
3.840619177716433994e-03
4.044919895188096512e-03
4.269896214418568425e-03
4.108879456075634901e-03
3.594066135818776292e-03
3.837160049291059565e-03
4.324686451244818750e-03
4.104308933253558722e-03
4.108823112651192357e-03
4.367448715680424982e-03
3.641996481577965215e-03
3.361720749921073056e-03
4.171684421706260346e-03
3.978181098778327436e-03
3.067138062455817930e-03
3.326271892384981450e-03
3.121463553884976615e-03
3.891643261742873221e-03
3.600465183133898413e-03
3.651471942176465202e-03
3.832037808623959402e-03
3.787026543694983760e-03
3.747405409425476688e-03
4.059842937641317158e-03
3.545837113073324609e-03
4.136992127784128691e-03
4.174528422997444629e-03
3.884438844879538767e-03
3.303526107553863590e-03
4.796700392859742229e-03
4.029573862819664509e-03
3.893045107970408147e-03
3.515601728073833570e-03
4.570121830088469221e-03
4.282556653720669473e-03
3.432521553216231949e-03
2.851150233700571260e-03
4.092339980445463925e-03
3.563113359568160533e-03
4.258584114556567511e-03
3.394984848889533949e-03
3.961132082239211122e-03
3.532037398852993192e-03
2.963968626827140525e-03
5.786465057742236524e-03
3.723647911046362984e-03
3.538280306421999304e-03
3.751141149977915874e-03
4.034489959550177640e-03
3.236715760600650423e-03
2.850007589263441748e-03
4.180399480728486106e-03
4.583417846273244410e-03
3.512316532140609925e-03
3.614678165900000410e-03
3.444573411446397171e-03
3.061512231156813483e-03
2.621819515018945952e-03
3.386697211876237620e-03
3.015798256046932444e-03
3.730628243614717530e-03
4.304513433707100878e-03
3.452336959534202387e-03
3.145600382556391645e-03
2.508677200787385372e-03
4.241870438602498954e-03
3.608748320039566193e-03
3.894997202518002237e-03
4.893307379824209796e-03
3.658528694090507592e-03
4.534266122205996528e-03
3.005119182950373707e-03
4.944261779095410723e-03
3.814853927560587794e-03
3.516718468149213246e-03
3.757400344572604106e-03
3.265191136312990162e-03
3.348424120857404832e-03
3.443087036649027620e-03
3.150634064072365716e-03
3.187820611339844696e-03
4.545324699306906545e-03
4.821644426965928688e-03
3.338814494180035713e-03
4.391948051171739274e-03
2.804414048805595281e-03
3.397438316097522743e-03
3.003443868927042036e-03
3.473553926576486862e-03
