6.799916610974106844e-03
5.875310665043245208e-03
5.894203148013020012e-03
5.856909019590208348e-03
5.899930458726254309e-03
5.840855188653674979e-03
5.739352209055902446e-03
5.778267753695379670e-03
5.630475301800085160e-03
5.686071855711291763e-03
5.626087798110850947e-03
5.604224057455497489e-03
5.586077234070601499e-03
5.637064890653662591e-03
5.686400590049717728e-03
5.740847148006491922e-03
5.648475106522807959e-03
5.545349125030545577e-03
5.332501891402024151e-03
5.559831900954333161e-03
5.583968965198422840e-03
5.618921402104111104e-03
5.609221342176964886e-03
5.421233951127622970e-03
5.304736583978840979e-03
5.440231601243956765e-03
5.490045052422219164e-03
5.366246601413329591e-03
5.409176350379757241e-03
5.450357067122273309e-03
5.367471411715447720e-03
5.555532133256873596e-03
5.149518049830533427e-03
5.475605100896119293e-03
5.393105009035848059e-03
5.344452167486996898e-03
5.532829106896403580e-03
5.283881571873466805e-03
5.237080392426619706e-03
5.246869535792471513e-03
5.278059741581501811e-03
5.297668491638064629e-03
5.405634765997555623e-03
5.430151193060198285e-03
5.438857379688663389e-03
5.472270741992898979e-03
5.113154356188645382e-03
5.413732602698599454e-03
5.315074720886270310e-03
5.408976473829675384e-03
5.433025545299009253e-03
5.165841115903495144e-03
4.786053845643641232e-03
5.461005318479470773e-03
5.569775763275891176e-03
5.314253046293152156e-03
5.466408719390565205e-03
5.292337237252624921e-03
5.306138076001791840e-03
5.146460062775271363e-03
5.260098873551667144e-03
5.034941536761112363e-03
5.080111088914790463e-03
5.121683211772754853e-03
5.266854170213217286e-03
5.229389195283000794e-03
4.989257585096861132e-03
4.945175881341104702e-03
5.259015518155982227e-03
4.932253924752664359e-03
5.180864247435894125e-03
5.385203517194018380e-03
5.194303073983206655e-03
4.530521443599402898e-03
5.318019478413625774e-03
4.964932503560072138e-03
5.128377858282859650e-03
4.972800595709116894e-03
5.110758333740512624e-03
5.281753045455551791e-03
5.161515546027546295e-03
5.304307515297021491e-03
4.922781122434574837e-03
5.294991203725478088e-03
5.062174535477579826e-03
5.248115263596538939e-03
4.956451001801953291e-03
4.776712938289708749e-03
4.958696170328706285e-03
5.244940370645632260e-03
5.115929477892374941e-03
5.226889271488839410e-03
4.770827476725586144e-03
4.996713837329098268e-03
5.203332230888035870e-03
5.129531819448738574e-03
4.930554387702516979e-03
4.682007452962281581e-03
4.781172965919525120e-03
5.151658127132399158e-03
4.984897737835007787e-03
5.242150262773178325e-03
4.759509891776149762e-03
4.875735036666366956e-03
5.061421847401043408e-03
5.266236257138416123e-03
4.862292262885399043e-03
4.342685915101122257e-03
4.911154493383662091e-03
5.154915507981971089e-03
5.183424055909846041e-03
5.006426788564525762e-03
4.953082850046783107e-03
4.943845500889040845e-03
5.189942361304118908e-03
5.175365020720328578e-03
5.141636922623478261e-03
4.898730142243968785e-03
4.800141308827020337e-03
4.643906086037027058e-03
5.121452487947884651e-03
4.979494143255661781e-03
5.073200285761759673e-03
4.495436954572800368e-03
5.085072274801412905e-03
4.995498094128122957e-03
4.897982515796381678e-03
4.985903815285963603e-03
4.297652807698401980e-03
4.810848832490067714e-03
4.860461026821211866e-03
5.213610840165212174e-03
5.164325997338999573e-03
4.686422455507225672e-03
4.796789448442807281e-03
4.455225692965017123e-03
4.997417909915527999e-03
4.588584676946713681e-03
4.901880316736360182e-03
4.899488797617011088e-03
4.654498763181672341e-03
4.756706136361190003e-03
4.812231062221219643e-03
4.635968164746756028e-03
5.031733764843267752e-03
4.786254247600205299e-03
4.902206832828791272e-03
4.891996243373062173e-03
4.985487775103712368e-03
5.011384509501951717e-03
4.929919658368282255e-03
4.990641559697438223e-03
4.725298703876952555e-03
4.864743540775970376e-03
4.584849180161377352e-03
4.819965295687501233e-03
4.436200661045144357e-03
4.081440134149721261e-03
4.540122651319277759e-03
4.748436523126317414e-03
4.727946365551872858e-03
3.865208791430276535e-03
4.805008362290039484e-03
4.249261797990189389e-03
4.762679332879481489e-03
4.768589866263687679e-03
4.288200630232907352e-03
4.631745808798269290e-03
4.592841566148806072e-03
4.077425085720400369e-03
4.234945611889050221e-03
4.649962084286550501e-03
4.585641562028972516e-03
4.624307783534085080e-03
4.459576602107371592e-03
4.471317041915439695e-03
4.675936568473246235e-03
4.879553248395302606e-03
5.037665702129293273e-03
4.722467934519850551e-03
4.769768583446343940e-03
3.873860027979808378e-03
4.666811661363821223e-03
4.254646549698035303e-03
4.732593708103402519e-03
4.344224090393703636e-03
4.549995102690188205e-03
3.806224707191732236e-03
4.690026948546096620e-03
4.449013420756623045e-03
4.208643201633850868e-03
4.553276429674859259e-03
3.899754246771385945e-03
4.227200596831951450e-03
4.094451843528456106e-03
4.898168583744249606e-03
4.171355302027096763e-03
4.131866221100989611e-03
4.232061148560252277e-03
4.623574045304021905e-03
3.775901319602434272e-03
4.078149751094913358e-03
4.352233650955471440e-03
4.666713401994343480e-03
4.658132835899581048e-03
4.725273673484870623e-03
5.154112716364359081e-03
4.298665885832495155e-03
4.521882847921163476e-03
4.486684399125197634e-03
4.301879071420163826e-03
4.076116650522216243e-03
4.023279576879338834e-03
4.189672808266769674e-03
4.480213987141414868e-03
4.667999262111329102e-03
4.385750521885468760e-03
4.140963455026189580e-03
3.642147384288021202e-03
4.385060221630680474e-03
4.626082596843788045e-03
4.147309425327367141e-03
4.136514802108223580e-03
4.504610215968616292e-03
4.348624494789131260e-03
4.540004613886449748e-03
3.492976824124295349e-03
4.330981811475837287e-03
3.924063597797827936e-03
4.333095369226843893e-03
3.965042869226683038e-03
3.683016268075890373e-03
4.423715750857259120e-03
3.972343618680583902e-03
4.113635856982493684e-03
4.721289631048915421e-03
4.242180444989016030e-03
3.804125712382176901e-03
3.833913429731771426e-03
4.193381116906667871e-03
4.610110445706756821e-03
4.337378640731871446e-03
4.099751234056569701e-03
3.879077371477162271e-03
4.377000801717647813e-03
4.235471259685132973e-03
4.331109051966564386e-03
4.101016873135812646e-03
3.927118640708255823e-03
3.920331537913318044e-03
4.760493185567049763e-03
3.791769437251570410e-03
3.989375954793815057e-03
4.428030135586290793e-03
3.926658950710849860e-03
4.149059799977422927e-03
3.307874853754621831e-03
3.712320845182767812e-03
3.913009576842009334e-03
3.778223812186900891e-03
4.652708422561876306e-03
4.323530130595555111e-03
4.196771736219413740e-03
4.173954854497526241e-03
4.663291213171085782e-03
4.141813719161350528e-03
3.603711090331827415e-03
4.332712460506420171e-03
4.007700989533413000e-03
3.701790183179604239e-03
4.010406952936828619e-03
3.841658182320320698e-03
4.211397291939865048e-03
4.517865106961404392e-03
4.325791235277204674e-03
3.907496549357623514e-03
4.507487402298142841e-03
4.596873855086672060e-03
3.943866912817572262e-03
4.314179090777281976e-03
3.443822788858126420e-03
4.072493378490453335e-03
4.385449613304213436e-03
4.837309068851871827e-03
3.860799759233219525e-03
3.831052559502608462e-03
4.359872551831115405e-03
4.095892069179855703e-03
3.363044322870711866e-03
4.350879875462876009e-03
3.862998629127185543e-03
4.071706385072517732e-03
3.825555456608740416e-03
3.830070125900030074e-03
3.805661035905686090e-03
3.951463089720553580e-03
3.086314951552654971e-03
4.377947508194665258e-03
4.793118115390946656e-03
2.716064878659994828e-03
3.672146660859752602e-03
3.805027118438957315e-03
3.174406751340028664e-03
4.545119563807322252e-03
3.681851157917311046e-03
2.871193324945806556e-03
4.056901352363508940e-03
3.418625077766742053e-03
3.576585711320672250e-03
3.220106805597219065e-03
4.440755454852822297e-03
3.937022850454212353e-03
4.426199155463190517e-03
4.309996073993713032e-03
3.723003198479272417e-03
3.786677915682575349e-03
3.511698084387308936e-03
4.147693223792450756e-03
5.566196440532992715e-03
3.854537556295830475e-03
4.896689336755537594e-03
