9.322989574422494222e-03
8.123525638449657221e-03
8.060768121105694323e-03
8.139736577851311786e-03
8.115089069743954345e-03
8.028576331893706036e-03
7.789244540644649564e-03
7.914743723733661668e-03
7.831154322834259218e-03
7.836862957389249471e-03
7.885753121995247791e-03
7.819696153985117304e-03
7.474406163286629289e-03
7.536500884107866574e-03
7.503907887567449857e-03
7.365823892340903067e-03
7.762411818558641319e-03
7.787657774574264884e-03
7.738736797052904980e-03
7.620800183681586057e-03
7.544781862298357254e-03
7.351315636988651689e-03
6.928381773257281939e-03
7.657355919929596279e-03
6.729044082764141024e-03
7.197670368792628143e-03
7.295332044369775074e-03
7.063310439908898099e-03
7.384722998269420066e-03
7.398189383113377288e-03
7.624756014183827618e-03
7.407464586847754308e-03
7.391545946528037606e-03
7.347725023415123402e-03
6.824238076680940075e-03
7.010252234492967381e-03
6.953797083097667912e-03
7.453731246963945720e-03
6.922401943279298323e-03
5.890763258710375420e-03
6.440369696428993075e-03
7.167744179704334945e-03
7.391062535604469089e-03
6.323737179867295818e-03
6.620902262564808127e-03
6.584641697507684008e-03
5.651513487074630998e-03
5.958600791225507516e-03
6.645579869561087615e-03
7.079524189604250069e-03
6.947059228030481870e-03
7.190858918340582891e-03
6.628257324807165785e-03
6.044194093773073637e-03
7.071163416468958379e-03
5.735947377678088377e-03
6.454941041084499148e-03
6.930461360024481321e-03
6.026755097544942569e-03
5.511485669453470952e-03
6.476580792790715899e-03
6.837714473056228683e-03
5.443402220388656072e-03
5.935267088330059559e-03
6.875752543358112576e-03
6.956904361172106845e-03
5.975494870375283596e-03
6.472902256070192824e-03
6.940554626500250804e-03
6.295617308624781860e-03
6.069407765878810646e-03
5.773895609009181001e-03
4.974457717107741948e-03
5.891381982915905140e-03
6.580776546345676152e-03
6.552619783060477550e-03
6.754895876712301191e-03
6.248964361868952419e-03
4.835491129792996584e-03
6.367484619762359133e-03
4.994301976209873824e-03
5.983120117784361883e-03
5.140787585294706759e-03
6.494668031679096294e-03
4.733897487606394429e-03
6.880572247060282552e-03
4.850799875363055735e-03
6.114373553487349906e-03
5.525370608723817814e-03
6.583304074651173156e-03
5.718851451329625205e-03
6.753790829836087833e-03
6.006178477977730350e-03
6.390733631098872818e-03
5.309502808421700040e-03
6.479166371063476565e-03
5.718932542725609601e-03
6.077084971579454001e-03
6.196581015232520591e-03
5.134244775424217505e-03
5.258583323089384941e-03
5.004741915607724238e-03
6.653011616331361289e-03
6.017020967033786041e-03
4.546434677009654306e-03
5.484404584769717907e-03
4.495718112336279278e-03
5.476828064447891026e-03
6.226468370366985972e-03
5.285770592811453103e-03
6.419314016040799514e-03
4.720777140483321810e-03
5.081261220821173957e-03
6.206243860642893066e-03
5.525436118733397135e-03
8.257208533893192065e-03
5.287199381040321063e-03
4.675085593128088142e-03
5.675807427630988507e-03
4.953581058836650265e-03
4.845671334819350376e-03
6.017019821936020300e-03
5.448898699715636756e-03
5.617549913364027966e-03
5.098195566066759249e-03
4.988046020157664920e-03
4.296206984541497270e-03
6.186090970105333729e-03
5.070221764088805871e-03
5.421358108942791673e-03
4.867323320232253697e-03
4.372510196411451798e-03
5.700619666947349430e-03
5.286633563208672192e-03
5.831358783413387141e-03
5.211755225744339227e-03
6.690398403560669435e-03
5.787004369220145883e-03
5.457293376816978007e-03
5.355322372027614478e-03
4.870600049761284606e-03
4.957506495708982955e-03
5.048095360920022874e-03
6.043563515075883047e-03
5.160976570311407753e-03
5.952483566719986643e-03
4.530967195743561444e-03
5.183289936474203517e-03
8.073833052827605883e-03
4.917498981506072779e-03
4.837141438386573233e-03
5.177181456930838969e-03
8.904995869058397046e-03
5.215446084058121025e-03
5.265469780077629280e-03
5.796809629327760900e-03
5.213612462517763085e-03
4.591012149423492894e-03
7.547282988372896323e-03
4.396535077270929265e-03
8.667302542536631932e-03
8.768352347796151344e-03
8.057539568828533602e-03
7.929462151860373204e-03
4.359053876524204667e-03
6.113974391516769843e-03
4.397519961273585812e-03
4.645716305165524182e-03
4.903287537070945973e-03
7.534440508759236016e-03
4.400059717413942056e-03
4.781488227366302406e-03
5.284115802257456466e-03
4.468435479663654050e-03
