9.797123249493772459e-03
7.873158753943777094e-03
7.994366886230442476e-03
7.903581549042878671e-03
7.839071657016126807e-03
7.715668772590778858e-03
7.935778280131403420e-03
7.780072919512762662e-03
7.815792167473167504e-03
7.557736119747592712e-03
7.513023574821971022e-03
7.622846820332494604e-03
7.530720099314494424e-03
7.851164353756793710e-03
7.461554970209106213e-03
7.706843406176511375e-03
7.446645614407868333e-03
7.273113563449064636e-03
7.046875440795101128e-03
7.308139446656022019e-03
7.226556338099485340e-03
7.247073518582953199e-03
7.299832645916683876e-03
6.845591302570068655e-03
6.466036813200124085e-03
7.312392762329768779e-03
6.436137874970963499e-03
7.479903060976097855e-03
7.230163417473272486e-03
7.248640350454855878e-03
5.912450405513003035e-03
7.349730323260048569e-03
6.973486577647396156e-03
6.696547624498004267e-03
7.076768253294389577e-03
7.343923431443515060e-03
7.394532143074065283e-03
5.774999102894140535e-03
6.794259469117287960e-03
7.043771466793531666e-03
7.018459095282892149e-03
7.453143430121847608e-03
6.910128859607165587e-03
6.745989182828367875e-03
6.708161851887125757e-03
6.106040138355811261e-03
6.750400166362024133e-03
5.251966671933268847e-03
7.169578964457711846e-03
5.933910286140936172e-03
6.356576440309410526e-03
6.963666649865414386e-03
6.163940580977742174e-03
5.813985474860215198e-03
6.410604022584610699e-03
6.606422855235482942e-03
5.804082537958119362e-03
6.820613062892923184e-03
6.376503393590596258e-03
5.806804047706353236e-03
6.475672027963430208e-03
6.439608973719643421e-03
5.496771710966281629e-03
6.007721477266469122e-03
6.698513122024073695e-03
7.085507820217571383e-03
5.629785929185316361e-03
6.345977197727144595e-03
6.872822661136613123e-03
6.551668231540483042e-03
5.676671600003509004e-03
6.397949583792314834e-03
5.957603722791224125e-03
6.123828519240879023e-03
5.535321578289862342e-03
6.066281642280123808e-03
5.683150284308754151e-03
6.886735965523826421e-03
6.408658581005258030e-03
6.206901328414658227e-03
5.465007208701970660e-03
5.710357305610540453e-03
5.969408108877455495e-03
6.463671766146536664e-03
5.166490455392348975e-03
6.645114474079047429e-03
5.625064595130221078e-03
5.889586357817505266e-03
6.285268578946701448e-03
4.764205617718739530e-03
5.490341228957562256e-03
5.445483953798410139e-03
5.248718170939465147e-03
6.356747369935173038e-03
5.004628240751487871e-03
5.206680942378246607e-03
6.381683424227453487e-03
6.252355891045054820e-03
5.275585073473831356e-03
4.997740676227947418e-03
4.977046658500036344e-03
4.704982939062962721e-03
6.585876635149231009e-03
4.929166089755927967e-03
5.819132374522934664e-03
6.162286068712809206e-03
6.049265619209268779e-03
5.018894380133208204e-03
7.116362594669318337e-03
4.792972646150162400e-03
4.405116329126162675e-03
4.662517789467833691e-03
8.664612236937265302e-03
5.163990676900096118e-03
5.553514376033228707e-03
4.807517015222432556e-03
5.394712384560466228e-03
5.699179552633965029e-03
5.395340727077113131e-03
4.982737181175254590e-03
4.932329327091471149e-03
6.387132693212773001e-03
5.807498891542830360e-03
6.619246162351106154e-03
5.426524793325069110e-03
5.048776821408810372e-03
7.551492797638342455e-03
6.708622240681682072e-03
5.403287259769295157e-03
5.940122326982711677e-03
4.920243178975126745e-03
4.972474468592914636e-03
5.312498376096439281e-03
7.161151252586604558e-03
5.212712663279352003e-03
6.050736114405480884e-03
6.549546129164988441e-03
7.555448078430494936e-03
6.300001756227323335e-03
5.729666930537032424e-03
6.157517402650343127e-03
4.249728485118012093e-03
3.976803707744076127e-03
5.198782658376307347e-03
6.025012564524024478e-03
5.167374477518131559e-03
6.087809495158257728e-03
4.977766534681790818e-03
7.602228522868880942e-03
4.718042308008280755e-03
5.530517148527937764e-03
4.450150335889998046e-03
6.114960197011250209e-03
6.232412229184098457e-03
6.443284419228708683e-03
5.009910427977604108e-03
4.826250521964575539e-03
4.653359437428721858e-03
5.267612641176842164e-03
4.091680821405244486e-03
5.353587892040893338e-03
4.484939852118760388e-03
3.926680924665131023e-03
5.526093909316478169e-03
4.636672700163677573e-03
7.389186035067357716e-03
7.916017159704639289e-03
3.638075644770542242e-03
4.756692612260009917e-03
8.167153054003199394e-03
4.676807235718729097e-03
4.951012664007247918e-03
5.819435775974683353e-03
4.183085347304230095e-03
5.286849935619762804e-03
5.729865701525237859e-03
4.372667901984454361e-03
4.678807634567754350e-03
4.732733351411719420e-03
7.215316323531756337e-03
4.092231467174784094e-03
5.665228271348499677e-03
5.432168364875126880e-03
5.940044389956034704e-03
5.418959970955571255e-03
5.675557619403907850e-03
5.549741246694748359e-03
4.688396860805137296e-03
4.514561799077543118e-03
5.097399508988852655e-03
4.705402466240314607e-03
5.047554345347875400e-03
6.729082340391014799e-03
4.345198577608165927e-03
4.469911825254750844e-03
4.082593449060606221e-03
5.223138888738775715e-03
5.217894794567865327e-03
7.053679469263389630e-03
7.955015345255146697e-03
8.417943343928868671e-03
8.006450277876954111e-03
4.413492214692587255e-03
4.549527681474518567e-03
6.955048869698677791e-03
5.641660891782054182e-03
5.894989302615201779e-03
5.161087781178423997e-03
4.858320088524430147e-03
3.923075716808418871e-03
4.890710519659335030e-03
5.769064836319520544e-03
7.064714956795183597e-03
3.997997696938326156e-03
4.751759587100282817e-03
4.539531193637633133e-03
3.698164855408898107e-03
4.637426362635602151e-03
4.600653366576673217e-03
5.900636700071390517e-03
5.543542555515455945e-03
5.284310700824118752e-03
5.114300253689588009e-03
8.154407064246279105e-03
4.441574547379302691e-03
6.518907270467687309e-03
4.436562583853499199e-03
4.616364724056954555e-03
3.738456899941372102e-03
4.306455516106500250e-03
6.431961886684613681e-03
4.711320794788470892e-03
4.438009839088164106e-03
4.752027710822452795e-03
6.978074150442679056e-03
6.306307122742545873e-03
4.453356875803347707e-03
5.889038184929369646e-03
3.558509574251430760e-03
7.595944856428189090e-03
4.490490540768441938e-03
3.812909168756424376e-03
5.261518562253596730e-03
7.646627484343503263e-03
3.905673110148554904e-03
4.640668748056847939e-03
6.391170691518401406e-03
4.509954107047314635e-03
5.765880549424493885e-03
4.223983215632766582e-03
6.005945819377331123e-03
4.891820728220086512e-03
6.895727767683310951e-03
6.859510594313920212e-03
4.503314702281361985e-03
4.282832023469693508e-03
4.936245201242468565e-03
7.061034078170334675e-03
3.588002226844306652e-03
4.326872667889447577e-03
7.355582872631914911e-03
4.123426743244886124e-03
4.973388203887853243e-03
7.140904390451712630e-03
4.696725034881589489e-03
6.804202599266583051e-03
4.809150718194897534e-03
7.475835419159016643e-03
7.047254499846940939e-03
4.713944745413397100e-03
7.389988445868533179e-03
5.096673287250942132e-03
4.284089351131673690e-03
3.767789834581339488e-03
4.807931894062505117e-03
4.336800629817426540e-03
3.509267599489724297e-03
3.593454026004804479e-03
4.515438087281354110e-03
4.929332055539663825e-03
4.310893315981885292e-03
6.770728649755743296e-03
4.317375632662863970e-03
4.528224972339386055e-03
3.278839439989500535e-03
4.092500184164196697e-03
5.496292373229815821e-03
5.307254448524379060e-03
4.404411431880893464e-03
6.168693490398258726e-03
4.133592062925582448e-03
3.296028999091860350e-03
4.392989990307971833e-03
5.398372718268491799e-03
4.869087460051097285e-03
7.609396931194432369e-03
6.302742521056265042e-03
5.329892880603637022e-03
3.330136305124638263e-03
3.606778669451357784e-03
6.707837908849999947e-03
3.189413537420359400e-03
4.175064884454947681e-03
3.657645353132121802e-03
2.773564851355622782e-03
7.051764697820724244e-03
3.846939521960704867e-03
7.508671153379458188e-03
7.837884913250492414e-03
4.465038704687435307e-03
5.884510308434404667e-03
6.371948093829016280e-03
3.865938613770106974e-03
4.610760176262673066e-03
7.904331287269311321e-03
7.229799588136661195e-03
6.436689528795229605e-03
6.959546858953266635e-03
4.824056869186155519e-03
4.087398269018050791e-03
4.153059224296447478e-03
6.132794533751557281e-03
1.040456253923609589e-02
5.777988360762121960e-03
3.841453094169125938e-03
6.075878024384847274e-03
4.465326071847417269e-03
3.717357972272806663e-03
2.924846721589358621e-03
6.478242098924481829e-03
