9.573158923079671742e-03
8.080556367158589146e-03
7.890680109205868917e-03
8.024376413615788919e-03
8.073475785023398812e-03
7.918980045294172002e-03
7.623056762323315166e-03
7.242060541181267151e-03
7.798758224471472045e-03
7.758964514089339813e-03
7.872354706645781630e-03
7.352165832576210147e-03
7.718314996442740376e-03
7.782304238996837382e-03
7.404579171954297698e-03
7.247759629255984444e-03
7.830818888780854276e-03
7.320319395168207663e-03
7.436854387710594219e-03
7.332819487594083134e-03
7.491085640992669291e-03
7.423378023969121400e-03
7.579656491373154559e-03
7.586765621832090682e-03
7.235480251152680981e-03
7.476189288152565449e-03
7.122831645223423776e-03
7.473376764276363875e-03
6.533530480486160474e-03
7.233382149111037759e-03
7.085663566890225591e-03
7.202619111295415107e-03
6.991054745090649787e-03
7.534082381802803888e-03
5.979308772079306757e-03
7.475187876742479288e-03
6.478442233810383435e-03
7.004105150452427479e-03
5.896123082384793074e-03
6.393288667646707460e-03
6.366207611032272118e-03
6.572189098069013830e-03
6.852156940504566460e-03
7.303105618065953292e-03
6.870415651684675350e-03
6.715739944011935546e-03
6.872633892073034753e-03
6.950471900932132449e-03
6.650378608510278816e-03
7.408263616754448729e-03
6.868151200267315175e-03
6.689998342350698089e-03
4.705701603790715844e-03
7.274137524750266641e-03
6.120177471461793299e-03
6.891548958009743528e-03
5.958852145720759837e-03
5.962178351799520340e-03
6.808070611167341829e-03
7.166696716047088987e-03
6.428989521008711405e-03
6.527536136181798926e-03
6.159900542917337227e-03
6.904125768958152033e-03
5.763559843041256292e-03
5.715693875602374449e-03
6.328148866440839668e-03
6.556211091099750296e-03
6.640701563001255581e-03
5.511767489164491780e-03
6.850771959540698057e-03
5.939325569083869945e-03
5.806818390033220180e-03
5.043592514441160198e-03
5.759953917374736887e-03
6.813392218994335399e-03
4.857122458998399360e-03
5.859889857316024665e-03
7.017446865956025737e-03
5.839745487989505060e-03
5.007323304291634580e-03
6.287722231301490043e-03
6.810341704786801974e-03
5.564716930992491366e-03
6.082376387997714268e-03
4.604470039737635322e-03
6.169539256917500221e-03
6.266269784284612607e-03
4.978502020396648013e-03
4.498388583805090941e-03
5.469251764644706554e-03
5.620854665545224615e-03
5.599218721153243448e-03
5.749439272413588500e-03
6.144031814136088725e-03
6.309302761042147843e-03
5.925618891706650043e-03
5.681235939448464091e-03
6.369457160003988601e-03
5.761216387287614732e-03
6.365925887520118738e-03
4.738800251476420894e-03
5.879432171305242101e-03
6.273283071946007469e-03
4.532886634131435590e-03
6.075086470902458027e-03
5.782069146860605198e-03
8.956415521177679695e-03
5.373505959634145360e-03
7.495871125730739493e-03
5.112226990087460898e-03
5.278060076798656193e-03
4.730578217715739574e-03
4.511675456120420660e-03
5.588684609525522949e-03
5.018563594831282511e-03
8.339697688646544385e-03
5.100131361163988408e-03
5.785961517580585217e-03
4.890897555039172562e-03
5.615471554085979707e-03
5.718139755257484712e-03
6.032803410142823994e-03
4.398033969584358091e-03
4.726960615119133249e-03
4.903551471261942581e-03
5.687188955167640433e-03
5.182423660840484135e-03
5.396570869077754046e-03
4.312783972844726373e-03
4.332510554277714358e-03
5.346684503379045897e-03
8.439044880856167233e-03
5.845408207274110923e-03
5.641866689339999734e-03
4.363094999279124378e-03
4.907937719200903930e-03
7.810418739541369511e-03
4.902565987680494904e-03
5.723394745603190004e-03
5.431339009869732073e-03
5.402354137724928521e-03
5.105541729608224430e-03
5.344601121174815013e-03
9.465531096976547570e-03
8.279616673532786894e-03
6.286819849325935884e-03
3.932402455721183653e-03
5.620849350113941122e-03
4.776611691586248390e-03
5.145024822605036817e-03
4.621734286764968280e-03
4.997623260013150416e-03
5.172798903750557183e-03
4.647657569393015727e-03
4.445517119463370144e-03
5.164173838933149713e-03
5.773918907300006238e-03
7.633025096446499104e-03
6.188803890048798217e-03
5.813296289475950070e-03
5.663075508734941380e-03
5.909285585192954222e-03
5.583264570808735457e-03
7.273032339777567648e-03
7.773655484156362545e-03
3.509267116332902888e-03
5.169196699145097752e-03
4.762414515064372633e-03
4.463990979519784005e-03
6.190760749138472623e-03
4.399718364403194630e-03
5.455624798699739222e-03
4.880246327730076127e-03
5.234332448728667465e-03
4.961698240044658259e-03
5.069665858700300211e-03
4.235601415505578157e-03
7.130384559180837946e-03
5.733429388267775526e-03
4.822449066078618625e-03
4.718689546002187776e-03
5.890258417274822980e-03
5.034422656904503218e-03
7.213602906489310213e-03
7.459632705471465862e-03
4.470837096089598159e-03
5.191823653664633630e-03
3.580395141818880963e-03
4.212454330111138102e-03
4.581121102829300261e-03
4.828922351183457563e-03
5.185141458195884762e-03
5.228914807199769137e-03
4.630577730941400592e-03
5.077169718399317765e-03
8.197495674082280401e-03
5.497435177782605646e-03
5.977829120258007153e-03
4.297781284742622360e-03
4.541602300222553033e-03
4.787232997834054739e-03
4.945520172279831150e-03
7.684799838809467168e-03
5.907848042618392588e-03
4.492575108829542120e-03
7.309724321028240532e-03
4.545554513612493075e-03
4.414122002050770502e-03
8.176293721703803766e-03
7.448947310784831063e-03
4.705806348327970512e-03
4.892594816125656748e-03
4.671134484160050990e-03
4.270229637446703447e-03
3.728202347870761182e-03
4.978192955930545865e-03
4.677975598483652409e-03
3.783140544202489870e-03
6.406490187575867960e-03
4.847902677597303207e-03
7.334327849546555360e-03
4.976548451578824590e-03
4.757992004650138732e-03
5.937281148795381380e-03
7.146742159694752412e-03
5.248407351355263532e-03
4.396360259942841756e-03
4.728552948921854737e-03
7.062498925682202285e-03
3.653022712030761301e-03
4.350832498452732872e-03
3.922191479276217890e-03
5.005282623571541412e-03
4.252959638481925916e-03
7.531277700326521884e-03
4.667862838958071470e-03
7.583334060172190749e-03
5.716795229848324611e-03
5.159635866639309884e-03
3.803362688159332271e-03
7.580965888620561088e-03
4.851630943879955103e-03
3.181866018517370571e-03
5.300580440292766704e-03
5.304344340428788357e-03
3.447566297899389617e-03
4.181244761680159676e-03
7.131368558142575469e-03
4.231076481112244943e-03
4.962694407393945968e-03
7.284376285748412304e-03
4.179698368866305476e-03
3.906778069168262771e-03
7.272231082718811496e-03
7.100376479528862188e-03
6.705939553448718449e-03
7.098156098911557327e-03
3.963731028802571291e-03
6.634161024622637660e-03
4.386336856949221014e-03
4.923416236223073991e-03
5.964990040367269299e-03
4.137273754502649066e-03
3.662757102067667244e-03
6.931723167952529366e-03
6.895601744390379532e-03
4.875903518243590411e-03
5.926156121143153800e-03
8.415172478828770314e-03
3.764794612563801893e-03
4.365542527420835338e-03
5.155274798618985667e-03
4.800439359720519959e-03
6.885507440481949439e-03
7.219166683170226938e-03
5.527257443514225176e-03
4.670947050858252451e-03
5.573054900138008430e-03
2.971137823468114440e-03
5.158385203275358058e-03
4.405455352641817618e-03
6.095360000614052400e-03
4.802218212776408930e-03
4.697304948953395266e-03
5.375159025764837326e-03
8.075615794423954968e-03
5.085034796780966287e-03
4.319945212231682263e-03
5.058500875582606048e-03
3.966611531044151456e-03
5.175640240455831043e-03
6.905398545539645667e-03
4.507820952441181535e-03
4.336494249383266407e-03
4.588423544930012900e-03
4.195554832346824053e-03
7.015032300592458081e-03
4.599787082945294876e-03
7.661411730085040950e-03
5.465875796229010923e-03
4.354124674158534568e-03
6.480089526323549488e-03
4.340744291447811744e-03
5.436172190873057343e-03
6.988377661857984695e-03
7.191411831097509373e-03
2.905670957690263852e-03
5.993559599728377069e-03
8.064137325270151826e-03
3.775886738956768171e-03
7.295683976892935324e-03
4.907373028942534597e-03
4.494752978777077045e-03
4.640789008109369278e-03
3.901356845336123504e-03
4.148118271338008603e-03
6.520612084422543892e-03
7.027262731689730771e-03
3.266359747983782914e-03
6.043302796720504202e-03
8.174294658704665817e-03
6.444701740399190470e-03
7.357637684211404752e-03
7.187386439895136411e-03
7.341449775915396062e-03
2.923757382333927023e-03
4.653805801623813777e-03
3.932065690064290645e-03
3.908352960581822771e-03
6.259416648394797340e-03
6.967062339628841104e-03
4.490335883598386112e-03
5.877670113244948778e-03
4.416450642337614238e-03
3.942938925690408006e-03
5.787986335758112458e-03
4.098286564127033745e-03
3.896376863133645726e-03
5.310348209046291020e-03
3.816848685005949822e-03
6.619229345521320668e-03
6.140258643486650250e-03
4.012355115134360814e-03
5.135347750652598416e-03
3.389113237136112417e-03
4.508236876909549849e-03
4.084960098289139308e-03
5.013865386225952424e-03
3.316232683926411719e-03
5.673356931960480201e-03
8.598606197565170778e-03
6.229479968864227134e-03
3.109193062134564534e-03
2.433912688856687719e-03
4.647634255347313052e-03
6.909297465132793400e-03
3.059958191869889977e-03
3.597171058828309547e-03
5.844864136402384142e-03
7.106769930976285406e-03
3.744728735193624414e-03
3.491422900444688098e-03
7.073364292732509627e-03
6.565582541564313722e-03
5.494351703056768801e-03
4.593868468818216103e-03
6.063324058392281606e-03
6.085993938929259474e-03
3.197268207935328316e-03
3.516166320981390161e-03
3.670466893692292745e-03
4.997115654784493009e-03
6.593607115411042295e-03
4.327758789863622550e-03
3.400933609564026940e-03
3.269006095050223850e-03
4.941095169241759878e-03
7.108750984679767897e-03
5.707392939580538740e-03
7.067622487887410994e-03
5.316006132383374952e-03
5.531489724742831397e-03
3.482871360775886393e-03
3.775715166458941049e-03
5.066479466906884284e-03
3.448514460626077825e-03
2.572334506207544103e-03
5.756102312463468214e-03
5.470244436936506915e-03
