8.334964295544250792e-03
7.291994504323689140e-03
7.280570610300310386e-03
7.250251346682282799e-03
7.262423539801624028e-03
7.205758461298149460e-03
7.098505242151918054e-03
7.126325768495037766e-03
6.717963123487244274e-03
6.968588724280945501e-03
6.954749507540800707e-03
7.039750312030010337e-03
6.987374418422835631e-03
6.925568902976738522e-03
6.894538671655942204e-03
6.663865522104192932e-03
6.831814881093358285e-03
6.905038892126813890e-03
6.786584795180403314e-03
6.908744168381137675e-03
6.455973374497309299e-03
6.949357637367928157e-03
6.818072808369350299e-03
6.427575734958335986e-03
6.911518727734024259e-03
6.383791105822649893e-03
6.751224515186798718e-03
6.714957487485188198e-03
6.670759786796239335e-03
6.523655604626367802e-03
6.461177560948101577e-03
6.264151169846153555e-03
6.629851066936976768e-03
6.769056402533711082e-03
6.569810988007680590e-03
6.575236443851886596e-03
6.257700727397515206e-03
6.517746808396221968e-03
6.485525258780422235e-03
6.281518770259997102e-03
6.269942053619130540e-03
6.520663426945671852e-03
6.475257583376142420e-03
6.751462970845503557e-03
6.567782338588929771e-03
6.629469753200840920e-03
6.609525356978351168e-03
6.826251925695967990e-03
6.384842772426009387e-03
6.144662670918282256e-03
6.372181516115552405e-03
5.995724559090737267e-03
6.321900245897844710e-03
6.447413352358379382e-03
6.343851759015173807e-03
6.266424015727783264e-03
6.411166927140794954e-03
6.239666532434922155e-03
6.090370585938748374e-03
6.376552788490996194e-03
6.284768987452664379e-03
5.491749997224811171e-03
6.064270170855635272e-03
6.107469705185649377e-03
5.579187302342922608e-03
6.205684673222624723e-03
6.300623334919866134e-03
6.341526748630153636e-03
5.586993172669955758e-03
6.351929816715513009e-03
5.815290280043414542e-03
6.085252677291336926e-03
5.678223164336558722e-03
6.373696958566530714e-03
6.205998278996614770e-03
5.396903595630182099e-03
5.649274418241099008e-03
6.086543295812168845e-03
6.390147018544365363e-03
6.111128471910551828e-03
5.133654659389927724e-03
6.261857189361601066e-03
5.884695349713135737e-03
5.823345949933332252e-03
5.020699819820643658e-03
6.074956714898069841e-03
5.559226050042042136e-03
6.246128980268397801e-03
5.621114740883814340e-03
5.526500947024321972e-03
5.590265234398752656e-03
4.721059476368945698e-03
5.558214552393370318e-03
6.038494126626253039e-03
5.816319739421408133e-03
5.075790543394988023e-03
5.769570675859264294e-03
5.691555181504714088e-03
5.806933800417628244e-03
6.425344031568819107e-03
5.105959498231600266e-03
5.293446279712617913e-03
6.136641781196377522e-03
5.828006724958505712e-03
5.355422049594275175e-03
6.004899463032961106e-03
5.942659390625347482e-03
5.597808102648093274e-03
5.451040961170395757e-03
5.193980367057977714e-03
5.396335475732711405e-03
4.848220533285302510e-03
5.451532746710281534e-03
5.727676064362086962e-03
5.558989859896091255e-03
5.706066071320972655e-03
4.879001455746014709e-03
5.062203999607009508e-03
5.919986039442044594e-03
5.485901926536927535e-03
4.830424013328731177e-03
4.807871474377179051e-03
4.771420188135120505e-03
5.402270078814397532e-03
4.994220145211236868e-03
5.127090643760128484e-03
5.252632903889897092e-03
5.403420592137629652e-03
5.187211421338380583e-03
4.960173947988267759e-03
5.302166254603901847e-03
5.289523961720489671e-03
4.773421852926796813e-03
4.701248716690446458e-03
5.172520125081726122e-03
4.208814455323517563e-03
4.907502997230565704e-03
4.935125218263660893e-03
5.185511733198272348e-03
5.836172621154970055e-03
5.536542920189683331e-03
4.663245068555100722e-03
4.968624563948821279e-03
5.772966571480786339e-03
4.678881998840821003e-03
5.183344687346719791e-03
4.631642908258019192e-03
5.102306966714142793e-03
4.633268658775722623e-03
4.148591524372883740e-03
5.262793236802375436e-03
4.485122188618616626e-03
4.311967123406067366e-03
5.811354473725394328e-03
5.232135963858323621e-03
5.292484539340279980e-03
4.694584246150690018e-03
4.995422822182511539e-03
4.307263773232754278e-03
5.194466603193729354e-03
4.875947306301544291e-03
4.182875738777385582e-03
5.800580528244515463e-03
4.546600355435188694e-03
4.407717186385684896e-03
5.710415099279535049e-03
4.214458530350971392e-03
4.401209109172892625e-03
5.100368369443228703e-03
4.153100129562051906e-03
3.858037033547964678e-03
4.912571492542467874e-03
5.095769782179858202e-03
4.422721026039681813e-03
4.816906473592971402e-03
4.801746983185052435e-03
4.861409515155143933e-03
4.633548560145892697e-03
5.029188003881746895e-03
4.324049364618011947e-03
3.708886623533290752e-03
4.883095326247333459e-03
3.607673217749943987e-03
5.549340982118624969e-03
4.067332104249020766e-03
5.282531195633689836e-03
3.543557472130694913e-03
4.365782329296187016e-03
4.423836839950101227e-03
3.724266395935408539e-03
3.885274818327251641e-03
4.826929829056932249e-03
4.302466174848865871e-03
4.161201504935968694e-03
4.055493593618992795e-03
3.744538190375264110e-03
4.480267560755908304e-03
4.660366587565122412e-03
5.221456772602718968e-03
4.918815377144942005e-03
4.081198471049458411e-03
4.430571824113700360e-03
3.910548044803775075e-03
4.354585540069349711e-03
4.180949341091314692e-03
5.106328776379813993e-03
3.546378959586152929e-03
6.000370448819737981e-03
3.226835783756694474e-03
4.553432826305588675e-03
4.382685164077915196e-03
5.164518919988420401e-03
4.005926619964911804e-03
6.328906311990695893e-03
4.797990373803858767e-03
4.235463546047272577e-03
4.087719466931962788e-03
5.299434861993065037e-03
3.737333309705001896e-03
4.325394806887643273e-03
6.886766743278640787e-03
4.509549953502558876e-03
7.237167622636795500e-03
5.576099593014424184e-03
4.118924629375855621e-03
4.234471400346495606e-03
4.217652778367922753e-03
5.744864654600535803e-03
3.970710729596116720e-03
3.911296344413387437e-03
5.738736987384663105e-03
3.481341590916692957e-03
3.970593287791290490e-03
3.550487125295588749e-03
5.284879995396779898e-03
6.740405909052161332e-03
6.321442057306505928e-03
5.113823814378131750e-03
3.987237210266936921e-03
4.961264984575636250e-03
5.516364867495453239e-03
4.509581339827714065e-03
3.507052746433259472e-03
4.493238066203514985e-03
