1.179936869290542506e-02
7.333882812679801827e-03
8.440720382385304491e-03
6.838741357231333667e-03
8.745408899255010388e-03
7.160500355774616563e-03
6.307466837863732675e-03
7.264936826156307044e-03
7.079814307554724122e-03
6.409400348240677607e-03
6.256058166457259540e-03
7.216876379997163617e-03
7.089894591043922369e-03
6.293338563027494302e-03
8.889776201718520635e-03
7.790579523623880100e-03
6.650675703582086679e-03
6.290056720852613310e-03
6.044308547499181380e-03
7.987016031324092186e-03
6.404346705055834026e-03
5.942908468767145978e-03
6.692234254326429738e-03
6.529658185542087587e-03
1.115980960375786459e-02
6.839464948127844425e-03
9.890791007610623409e-03
6.410288176382249181e-03
6.919322928339234798e-03
6.478776682328371214e-03
5.927969728851117427e-03
7.091239903903230959e-03
6.761638011929893208e-03
7.642928708290991184e-03
7.013220709670029036e-03
6.434193937806477817e-03
1.058768224139537521e-02
5.441649220362809389e-03
7.503466415638371245e-03
6.033804376334566191e-03
7.022600135298782964e-03
7.431810421326524516e-03
6.712589595729589499e-03
9.427116260953589608e-03
5.974947142531263251e-03
7.555438656171410867e-03
6.265452272415857581e-03
6.682351776109540786e-03
9.079382886771856023e-03
1.154332043528164507e-02
5.704583662375167785e-03
6.887707454151429862e-03
6.462683322171101745e-03
6.555677980863652658e-03
5.170769106744430542e-03
1.053134674521877777e-02
5.267667763013490247e-03
5.511639810199262315e-03
7.370522588552206981e-03
5.398385600970798635e-03
6.691908355663465577e-03
9.780550170894937792e-03
6.970203452992294185e-03
5.935407834473735954e-03
5.896897724703725752e-03
6.421076901653482299e-03
9.237275468436072570e-03
7.799171146029316819e-03
9.724606472639301183e-03
7.414352604474824283e-03
5.028313027431471557e-03
6.292680132366577049e-03
1.048180777204935077e-02
4.507518904157452322e-03
7.371549213366665292e-03
9.137884304930664683e-03
1.010961716807530497e-02
5.972489124465615862e-03
6.659764725377458928e-03
5.613063391835797916e-03
5.613968695889738625e-03
4.616927744960456007e-03
5.567552851991060953e-03
8.340562032902594861e-03
5.440311317594129573e-03
6.391897094182922429e-03
6.777375920373311831e-03
5.604044667900550704e-03
5.524571107169802368e-03
5.610947922346210502e-03
5.492363890604613601e-03
5.474154946677004321e-03
5.436019369711995661e-03
5.703440887375361285e-03
5.520610662840424489e-03
8.878452364425680823e-03
5.706337281716094591e-03
7.267933296585533769e-03
5.343436054360497026e-03
8.247303622733950443e-03
5.704670912796064655e-03
6.982310014532705153e-03
5.244743867744640527e-03
6.338626889934316326e-03
9.367758164041712840e-03
5.450572925712356478e-03
6.210587455840288311e-03
5.617297131079588418e-03
6.905846844723223868e-03
6.107699502983267303e-03
9.792464436647383905e-03
4.607218052207225252e-03
6.252608591194315502e-03
9.045299217754487753e-03
5.557118294877174541e-03
6.757452705414061962e-03
5.992961403906754171e-03
6.676229294101796406e-03
5.398339881571666624e-03
9.157821085739205683e-03
4.937113920987427733e-03
5.677357824182158348e-03
5.918030565296255457e-03
6.245245192029946595e-03
8.060916684504584526e-03
9.897799447006307497e-03
5.596324774724546411e-03
9.902914453164050196e-03
5.216133370692939419e-03
5.536140108039173252e-03
4.619424606425785902e-03
5.897290726823924308e-03
5.413407325301490894e-03
4.452184433488225873e-03
8.940314253025527166e-03
9.789575916662287755e-03
5.682035656496227383e-03
8.107581126962941018e-03
1.046544534410091300e-02
9.855429070286631302e-03
5.421901903192973340e-03
4.943678530266981327e-03
9.313427961489186002e-03
8.553132691655467024e-03
8.240175197834154197e-03
4.333595138487559943e-03
6.177606714997847803e-03
8.469344892100463124e-03
5.260459670363929613e-03
5.275296019479660571e-03
8.303023161722083295e-03
5.227696285293149774e-03
9.288931631133199793e-03
9.427261766635150475e-03
5.565768322452930260e-03
8.415146219577642611e-03
5.108640082495647695e-03
6.021338330712145380e-03
4.033816896673141084e-03
7.609297036577306397e-03
4.988833968106609444e-03
5.545665429225159725e-03
